# Start of Energy Bin (keV), Effective Area (cm^2)
1.600000023841857910e+00,1.169117093086242676e+00
1.639999985694885254e+00,1.587213039398193359e+00
1.680000066757202148e+00,2.149248600006103516e+00
1.720000028610229492e+00,2.903325796127319336e+00
1.759999990463256836e+00,3.860086202621459961e+00
1.799999952316284180e+00,4.802604198455810547e+00
1.840000033378601074e+00,2.958216667175292969e+00
1.879999995231628418e+00,3.699119329452514648e+00
1.920000076293945312e+00,4.728468418121337891e+00
1.960000038146972656e+00,5.863980293273925781e+00
2.000000000000000000e+00,7.147350311279296875e+00
2.039999961853027344e+00,8.635709762573242188e+00
2.079999923706054688e+00,1.042435073852539062e+01
2.119999885559082031e+00,8.749382972717285156e+00
2.160000085830688477e+00,1.008069229125976562e+01
2.200000047683715820e+00,1.018003463745117188e+01
2.240000009536743164e+00,1.154765510559082031e+01
2.279999971389770508e+00,1.313922882080078125e+01
2.319999933242797852e+00,1.508646488189697266e+01
2.360000133514404297e+00,1.695679092407226562e+01
2.400000095367431641e+00,1.873770523071289062e+01
2.440000057220458984e+00,2.076390075683593750e+01
2.480000019073486328e+00,2.315831947326660156e+01
2.519999980926513672e+00,2.609654235839843750e+01
2.559999942779541016e+00,2.931765747070312500e+01
2.599999904632568359e+00,3.224935150146484375e+01
2.639999866485595703e+00,3.231127929687500000e+01
2.679999828338623047e+00,3.521464538574218750e+01
2.720000028610229492e+00,3.833782577514648438e+01
2.759999990463256836e+00,4.171519088745117188e+01
2.799999952316284180e+00,4.534662628173828125e+01
2.840000152587890625e+00,4.909794235229492188e+01
2.880000114440917969e+00,5.236594009399414062e+01
2.920000076293945312e+00,5.577911376953125000e+01
2.960000038146972656e+00,5.939636611938476562e+01
3.000000000000000000e+00,6.331510925292968750e+01
3.039999961853027344e+00,6.516564941406250000e+01
3.079999923706054688e+00,6.906962585449218750e+01
3.119999885559082031e+00,7.311253356933593750e+01
3.159999847412109375e+00,7.651083374023437500e+01
3.199999809265136719e+00,8.001471710205078125e+01
3.240000009536743164e+00,8.362931823730468750e+01
3.279999971389770508e+00,8.591816711425781250e+01
3.319999933242797852e+00,9.072463989257812500e+01
3.360000133514404297e+00,9.576173400878906250e+01
3.400000095367431641e+00,1.010172271728515625e+02
3.440000057220458984e+00,1.050494842529296875e+02
3.480000019073486328e+00,1.080054016113281250e+02
3.519999980926513672e+00,1.055590362548828125e+02
3.559999942779541016e+00,1.085057907104492188e+02
3.599999904632568359e+00,1.115424728393554688e+02
3.639999866485595703e+00,1.146142730712890625e+02
3.679999828338623047e+00,1.177269287109375000e+02
3.719999790191650391e+00,1.180116729736328125e+02
3.759999752044677734e+00,1.212120590209960938e+02
3.800000190734863281e+00,1.240276107788085938e+02
3.840000152587890625e+00,1.265691070556640625e+02
3.880000114440917969e+00,1.291144714355468750e+02
3.920000076293945312e+00,1.322751922607421875e+02
3.960000038146972656e+00,1.356734619140625000e+02
4.000000000000000000e+00,1.375311279296875000e+02
4.039999961853027344e+00,1.408520202636718750e+02
4.079999923706054688e+00,1.442100677490234375e+02
4.119999885559082031e+00,1.476051940917968750e+02
4.159999847412109375e+00,1.509994659423828125e+02
4.199999809265136719e+00,1.539217834472656250e+02
4.239999771118164062e+00,1.568574981689453125e+02
4.279999732971191406e+00,1.598136901855468750e+02
4.320000171661376953e+00,1.574816589355468750e+02
4.360000133514404297e+00,1.584824829101562500e+02
4.400000095367431641e+00,1.610450897216796875e+02
4.440000057220458984e+00,1.636192626953125000e+02
4.480000019073486328e+00,1.662164764404296875e+02
4.519999980926513672e+00,1.688277893066406250e+02
4.559999942779541016e+00,1.714358825683593750e+02
4.599999904632568359e+00,1.700207214355468750e+02
4.639999866485595703e+00,1.723454132080078125e+02
4.679999828338623047e+00,1.744821166992187500e+02
4.719999790191650391e+00,1.766176757812500000e+02
4.759999752044677734e+00,1.787523498535156250e+02
4.799999713897705078e+00,1.808841400146484375e+02
4.840000152587890625e+00,1.830037994384765625e+02
4.880000114440917969e+00,1.851174316406250000e+02
4.920000076293945312e+00,1.853966979980468750e+02
4.960000038146972656e+00,1.875034942626953125e+02
5.000000000000000000e+00,1.895585632324218750e+02
5.039999961853027344e+00,1.917307281494140625e+02
5.079999923706054688e+00,1.937760620117187500e+02
5.119999885559082031e+00,1.958148345947265625e+02
5.159999847412109375e+00,1.978470458984375000e+02
5.199999809265136719e+00,1.998701477050781250e+02
5.239999771118164062e+00,2.018858947753906250e+02
5.279999732971191406e+00,2.038996582031250000e+02
5.320000171661376953e+00,2.059122772216796875e+02
5.360000133514404297e+00,2.079231109619140625e+02
5.400000095367431641e+00,2.099282989501953125e+02
5.440000057220458984e+00,2.119259338378906250e+02
5.480000019073486328e+00,2.139205169677734375e+02
5.519999980926513672e+00,2.159123382568359375e+02
5.559999942779541016e+00,2.177588806152343750e+02
5.599999904632568359e+00,2.194519958496093750e+02
5.639999866485595703e+00,2.211388549804687500e+02
5.679999828338623047e+00,2.228198852539062500e+02
5.719999790191650391e+00,2.244959411621093750e+02
5.759999752044677734e+00,2.261661071777343750e+02
5.799999713897705078e+00,2.278124542236328125e+02
5.839999675750732422e+00,2.294363098144531250e+02
5.879999637603759766e+00,2.310545501708984375e+02
5.919999599456787109e+00,2.326675567626953125e+02
5.960000038146972656e+00,2.342747497558593750e+02
6.000000000000000000e+00,2.357649688720703125e+02
6.039999961853027344e+00,2.371355285644531250e+02
6.079999923706054688e+00,2.384985351562500000e+02
6.119999885559082031e+00,2.397457427978515625e+02
6.159999847412109375e+00,2.409117889404296875e+02
6.199999809265136719e+00,2.420786590576171875e+02
6.239999771118164062e+00,2.432467651367187500e+02
6.279999732971191406e+00,2.444071044921875000e+02
6.319999694824218750e+00,2.455600585937500000e+02
6.359999656677246094e+00,2.467053222656250000e+02
6.399999618530273438e+00,2.478378601074218750e+02
6.439999580383300781e+00,2.489579162597656250e+02
6.480000019073486328e+00,2.500705261230468750e+02
6.519999980926513672e+00,2.511762084960937500e+02
6.559999942779541016e+00,2.522749786376953125e+02
6.599999904632568359e+00,2.533620758056640625e+02
6.639999866485595703e+00,2.544375915527343750e+02
6.679999828338623047e+00,2.555066986083984375e+02
6.719999790191650391e+00,2.565194091796875000e+02
6.759999752044677734e+00,2.574207763671875000e+02
6.799999713897705078e+00,2.583050537109375000e+02
6.839999675750732422e+00,2.591727600097656250e+02
6.879999637603759766e+00,2.600339965820312500e+02
6.919999599456787109e+00,2.608887634277343750e+02
6.959999561309814453e+00,2.617371215820312500e+02
7.000000000000000000e+00,2.625184936523437500e+02
7.039999961853027344e+00,2.632321777343750000e+02
7.079999923706054688e+00,2.639411621093750000e+02
7.119999885559082031e+00,2.632438049316406250e+02
7.159999847412109375e+00,2.639281921386718750e+02
7.199999809265136719e+00,2.646271362304687500e+02
7.239999771118164062e+00,2.653415222167968750e+02
7.279999732971191406e+00,2.660502319335937500e+02
7.319999694824218750e+00,2.667530212402343750e+02
7.359999656677246094e+00,2.674500122070312500e+02
7.399999618530273438e+00,2.681335449218750000e+02
7.439999580383300781e+00,2.688036804199218750e+02
7.479999542236328125e+00,2.694686889648437500e+02
7.519999980926513672e+00,2.701293945312500000e+02
7.559999942779541016e+00,2.707849426269531250e+02
7.599999904632568359e+00,2.714271850585937500e+02
7.639999866485595703e+00,2.720555419921875000e+02
7.679999828338623047e+00,2.726792297363281250e+02
7.719999790191650391e+00,2.732956848144531250e+02
7.759999752044677734e+00,2.739080200195312500e+02
7.799999713897705078e+00,2.745076904296875000e+02
7.839999675750732422e+00,2.750939941406250000e+02
7.879999637603759766e+00,2.756757812500000000e+02
7.919999599456787109e+00,2.762664794921875000e+02
7.959999561309814453e+00,2.768527832031250000e+02
7.999999523162841797e+00,2.774084167480468750e+02
8.039999961853027344e+00,2.779335937500000000e+02
8.079999923706054688e+00,2.784548950195312500e+02
8.119999885559082031e+00,2.789602966308593750e+02
8.159999847412109375e+00,2.793904113769531250e+02
8.199999809265136719e+00,2.798001708984375000e+02
8.239999771118164062e+00,2.802056274414062500e+02
8.279999732971191406e+00,2.806548461914062500e+02
8.319999694824218750e+00,2.810991210937500000e+02
8.359999656677246094e+00,2.815397644042968750e+02
8.399999618530273438e+00,2.819522705078125000e+02
8.439999580383300781e+00,2.823370666503906250e+02
8.479999542236328125e+00,2.827182006835937500e+02
8.520000457763671875e+00,2.831001586914062500e+02
8.560000419616699219e+00,2.834785156250000000e+02
8.600000381469726562e+00,2.838145751953125000e+02
8.640000343322753906e+00,2.841080322265625000e+02
8.680000305175781250e+00,2.843978881835937500e+02
8.720000267028808594e+00,2.846816406250000000e+02
8.760000228881835938e+00,2.849618835449218750e+02
8.800000190734863281e+00,2.851867065429687500e+02
8.840000152587890625e+00,2.853558349609375000e+02
8.880000114440917969e+00,2.855213623046875000e+02
8.920000076293945312e+00,2.856983642578125000e+02
8.960000038146972656e+00,2.858322753906250000e+02
9.000000000000000000e+00,2.858796386718750000e+02
9.039999961853027344e+00,2.858625183105468750e+02
9.079999923706054688e+00,2.858417053222656250e+02
9.119999885559082031e+00,2.858692626953125000e+02
9.159999847412109375e+00,2.860496826171875000e+02
9.199999809265136719e+00,2.861670837402343750e+02
9.239999771118164062e+00,2.862210998535156250e+02
9.279999732971191406e+00,2.862711791992187500e+02
9.319999694824218750e+00,2.862855224609375000e+02
9.359999656677246094e+00,2.862959594726562500e+02
9.399999618530273438e+00,2.862394104003906250e+02
9.439999580383300781e+00,2.861156921386718750e+02
9.479999542236328125e+00,2.859880676269531250e+02
9.519999504089355469e+00,2.858725585937500000e+02
9.560000419616699219e+00,2.857534790039062500e+02
9.600000381469726562e+00,2.854366149902343750e+02
9.640000343322753906e+00,2.849739990234375000e+02
9.680000305175781250e+00,2.846643676757812500e+02
9.720000267028808594e+00,2.843538513183593750e+02
9.760000228881835938e+00,2.840393676757812500e+02
9.800000190734863281e+00,2.833082275390625000e+02
9.840000152587890625e+00,2.821520690917968750e+02
9.880000114440917969e+00,2.809664001464843750e+02
9.920000076293945312e+00,2.797953491210937500e+02
9.960000038146972656e+00,2.791605224609375000e+02
1.000000000000000000e+01,2.759148559570312500e+02
1.003999996185302734e+01,2.696590576171875000e+02
1.007999992370605469e+01,2.633772583007812500e+02
1.011999988555908203e+01,2.570567626953125000e+02
1.015999984741210938e+01,2.507127380371093750e+02
1.019999980926513672e+01,2.437067565917968750e+02
1.023999977111816406e+01,2.441264953613281250e+02
1.027999973297119141e+01,2.445366058349609375e+02
1.032000064849853516e+01,2.449319915771484375e+02
1.036000061035156250e+01,2.453181762695312500e+02
1.040000057220458984e+01,2.466103515625000000e+02
1.044000053405761719e+01,2.483743591308593750e+02
1.048000049591064453e+01,2.487894287109375000e+02
1.052000045776367188e+01,2.492186431884765625e+02
1.056000041961669922e+01,2.496416778564453125e+02
1.060000038146972656e+01,2.494763336181640625e+02
1.064000034332275391e+01,2.487266235351562500e+02
1.068000030517578125e+01,2.479751892089843750e+02
1.072000026702880859e+01,2.471882781982421875e+02
1.076000022888183594e+01,2.464001464843750000e+02
1.080000019073486328e+01,2.454995574951171875e+02
1.084000015258789062e+01,2.444709777832031250e+02
1.088000011444091797e+01,2.434347229003906250e+02
1.092000007629394531e+01,2.424037017822265625e+02
1.096000003814697266e+01,2.413730163574218750e+02
1.100000000000000000e+01,2.402382812500000000e+02
1.103999996185302734e+01,2.390000152587890625e+02
1.107999992370605469e+01,2.377635040283203125e+02
1.111999988555908203e+01,2.377176055908203125e+02
1.115999984741210938e+01,2.376691131591796875e+02
1.119999980926513672e+01,2.371232910156250000e+02
1.123999977111816406e+01,2.360781860351562500e+02
1.127999973297119141e+01,2.350274658203125000e+02
1.131999969482421875e+01,2.339577789306640625e+02
1.136000061035156250e+01,2.328829193115234375e+02
1.140000057220458984e+01,2.306477355957031250e+02
1.144000053405761719e+01,2.272464904785156250e+02
1.148000049591064453e+01,2.238318176269531250e+02
1.152000045776367188e+01,2.202151489257812500e+02
1.156000041961669922e+01,2.095058135986328125e+02
1.160000038146972656e+01,2.068505859375000000e+02
1.164000034332275391e+01,2.061520385742187500e+02
1.168000030517578125e+01,2.054468078613281250e+02
1.172000026702880859e+01,2.047406921386718750e+02
1.176000022888183594e+01,2.040242614746093750e+02
1.180000019073486328e+01,2.032132263183593750e+02
1.184000015258789062e+01,2.023116607666015625e+02
1.188000011444091797e+01,2.014089813232421875e+02
1.192000007629394531e+01,2.004852142333984375e+02
1.196000003814697266e+01,1.995542755126953125e+02
1.200000000000000000e+01,1.984774169921875000e+02
1.203999996185302734e+01,1.972553710937500000e+02
1.207999992370605469e+01,1.964035644531250000e+02
1.211999988555908203e+01,1.966281585693359375e+02
1.215999984741210938e+01,1.968517303466796875e+02
1.219999980926513672e+01,1.970084533691406250e+02
1.223999977111816406e+01,1.970980834960937500e+02
1.227999973297119141e+01,1.971867065429687500e+02
1.231999969482421875e+01,1.972741394042968750e+02
1.236000061035156250e+01,1.973607482910156250e+02
1.240000057220458984e+01,1.973374481201171875e+02
1.244000053405761719e+01,1.972048797607421875e+02
1.248000049591064453e+01,1.970711364746093750e+02
1.252000045776367188e+01,1.969428405761718750e+02
1.256000041961669922e+01,1.968137817382812500e+02
1.260000038146972656e+01,1.966174926757812500e+02
1.264000034332275391e+01,1.963542480468750000e+02
1.268000030517578125e+01,1.960901794433593750e+02
1.272000026702880859e+01,1.958176574707031250e+02
1.276000022888183594e+01,1.955441741943359375e+02
1.280000019073486328e+01,1.952247314453125000e+02
1.284000015258789062e+01,1.948592681884765625e+02
1.288000011444091797e+01,1.944939270019531250e+02
1.292000007629394531e+01,1.941332244873046875e+02
1.296000003814697266e+01,1.937718048095703125e+02
1.300000000000000000e+01,1.932058715820312500e+02
1.303999996185302734e+01,1.924358825683593750e+02
1.307999992370605469e+01,1.916662139892578125e+02
1.311999988555908203e+01,1.908881378173828125e+02
1.315999984741210938e+01,1.901079406738281250e+02
1.319999980926513672e+01,1.892092895507812500e+02
1.323999977111816406e+01,1.881932983398437500e+02
1.327999973297119141e+01,1.870265655517578125e+02
1.331999969482421875e+01,1.837489929199218750e+02
1.335999965667724609e+01,1.826528015136718750e+02
1.340000057220458984e+01,1.818971862792968750e+02
1.344000053405761719e+01,1.814039764404296875e+02
1.348000049591064453e+01,1.809100036621093750e+02
1.352000045776367188e+01,1.804158782958984375e+02
1.356000041961669922e+01,1.799211578369140625e+02
1.360000038146972656e+01,1.793644714355468750e+02
1.364000034332275391e+01,1.787463073730468750e+02
1.368000030517578125e+01,1.781269989013671875e+02
1.372000026702880859e+01,1.775089721679687500e+02
1.376000022888183594e+01,1.768902587890625000e+02
1.380000019073486328e+01,1.762173004150390625e+02
1.384000015258789062e+01,1.747363281250000000e+02
1.388000011444091797e+01,1.739759063720703125e+02
1.392000007629394531e+01,1.735853881835937500e+02
1.396000003814697266e+01,1.731956481933593750e+02
1.400000000000000000e+01,1.728440246582031250e+02
1.403999996185302734e+01,1.725304870605468750e+02
1.407999992370605469e+01,1.722161865234375000e+02
1.411999988555908203e+01,1.719030456542968750e+02
1.415999984741210938e+01,1.715892333984375000e+02
1.419999980926513672e+01,1.712703552246093750e+02
1.423999977111816406e+01,1.709463348388671875e+02
1.427999973297119141e+01,1.706217346191406250e+02
1.431999969482421875e+01,1.702938842773437500e+02
1.435999965667724609e+01,1.699655761718750000e+02
1.439999961853027344e+01,1.696165008544921875e+02
1.444000053405761719e+01,1.692416076660156250e+02
1.448000049591064453e+01,1.688666687011718750e+02
1.452000045776367188e+01,1.685119934082031250e+02
1.456000041961669922e+01,1.681569213867187500e+02
1.460000038146972656e+01,1.677959289550781250e+02
1.464000034332275391e+01,1.674289093017578125e+02
1.468000030517578125e+01,1.670616455078125000e+02
1.472000026702880859e+01,1.666762695312500000e+02
1.476000022888183594e+01,1.662906646728515625e+02
1.480000019073486328e+01,1.659015197753906250e+02
1.484000015258789062e+01,1.655087890625000000e+02
1.488000011444091797e+01,1.651153869628906250e+02
1.492000007629394531e+01,1.647240905761718750e+02
1.496000003814697266e+01,1.643326263427734375e+02
1.500000000000000000e+01,1.639395751953125000e+02
1.503999996185302734e+01,1.635450134277343750e+02
1.507999992370605469e+01,1.631502532958984375e+02
1.511999988555908203e+01,1.627555389404296875e+02
1.515999984741210938e+01,1.623606872558593750e+02
1.519999980926513672e+01,1.619610137939453125e+02
1.523999977111816406e+01,1.615565032958984375e+02
1.527999973297119141e+01,1.611518249511718750e+02
1.531999969482421875e+01,1.607391662597656250e+02
1.535999965667724609e+01,1.603263702392578125e+02
1.539999961853027344e+01,1.599145050048828125e+02
1.544000053405761719e+01,1.595035095214843750e+02
1.548000049591064453e+01,1.590924682617187500e+02
1.552000045776367188e+01,1.586858825683593750e+02
1.556000041961669922e+01,1.582790527343750000e+02
1.560000038146972656e+01,1.578820343017578125e+02
1.564000034332275391e+01,1.574946899414062500e+02
1.568000030517578125e+01,1.571071624755859375e+02
1.572000026702880859e+01,1.566994171142578125e+02
1.576000022888183594e+01,1.562912292480468750e+02
1.580000019073486328e+01,1.558756713867187500e+02
1.584000015258789062e+01,1.554526519775390625e+02
1.588000011444091797e+01,1.550266418457031250e+02
1.592000007629394531e+01,1.545989379882812500e+02
1.596000003814697266e+01,1.541711730957031250e+02
1.600000000000000000e+01,1.537465057373046875e+02
1.603999900817871094e+01,1.533248138427734375e+02
1.607999992370605469e+01,1.529030303955078125e+02
1.611999893188476562e+01,1.524807434082031250e+02
1.615999984741210938e+01,1.520582885742187500e+02
1.619999885559082031e+01,1.516358184814453125e+02
1.623999977111816406e+01,1.512131347656250000e+02
1.627999877929687500e+01,1.507904663085937500e+02
1.631999969482421875e+01,1.503628387451171875e+02
1.635999870300292969e+01,1.499351654052734375e+02
1.639999961853027344e+01,1.495074615478515625e+02
1.643999862670898438e+01,1.490798339843750000e+02
1.647999954223632812e+01,1.486520233154296875e+02
1.652000045776367188e+01,1.482491455078125000e+02
1.655999946594238281e+01,1.478461608886718750e+02
1.660000038146972656e+01,1.474430236816406250e+02
1.663999938964843750e+01,1.470397186279296875e+02
1.668000030517578125e+01,1.466361999511718750e+02
1.671999931335449219e+01,1.462232208251953125e+02
1.676000022888183594e+01,1.458101501464843750e+02
1.679999923706054688e+01,1.453968505859375000e+02
1.684000015258789062e+01,1.449834899902343750e+02
1.687999916076660156e+01,1.445700531005859375e+02
1.692000007629394531e+01,1.441595916748046875e+02
1.695999908447265625e+01,1.437490692138671875e+02
1.700000000000000000e+01,1.433497314453125000e+02
1.703999900817871094e+01,1.429612579345703125e+02
1.707999992370605469e+01,1.425726318359375000e+02
1.711999893188476562e+01,1.421837158203125000e+02
1.715999984741210938e+01,1.417946624755859375e+02
1.719999885559082031e+01,1.414055786132812500e+02
1.723999977111816406e+01,1.410164489746093750e+02
1.727999877929687500e+01,1.406453399658203125e+02
1.731999969482421875e+01,1.402779388427734375e+02
1.735999870300292969e+01,1.399105377197265625e+02
1.739999961853027344e+01,1.395428314208984375e+02
1.743999862670898438e+01,1.391744689941406250e+02
1.747999954223632812e+01,1.388044128417968750e+02
1.752000045776367188e+01,1.384389495849609375e+02
1.755999946594238281e+01,1.380734558105468750e+02
1.760000038146972656e+01,1.377079162597656250e+02
1.763999938964843750e+01,1.373421630859375000e+02
1.768000030517578125e+01,1.369764099121093750e+02
1.771999931335449219e+01,1.366130065917968750e+02
1.776000022888183594e+01,1.362494506835937500e+02
1.779999923706054688e+01,1.358858489990234375e+02
1.784000015258789062e+01,1.355220794677734375e+02
1.787999916076660156e+01,1.351581573486328125e+02
1.792000007629394531e+01,1.348085632324218750e+02
1.795999908447265625e+01,1.344587707519531250e+02
1.800000000000000000e+01,1.341090240478515625e+02
1.804000091552734375e+01,1.337593383789062500e+02
1.807999992370605469e+01,1.334095153808593750e+02
1.812000083923339844e+01,1.330386962890625000e+02
1.815999984741210938e+01,1.326678771972656250e+02
1.820000076293945312e+01,1.322970428466796875e+02
1.823999977111816406e+01,1.319262542724609375e+02
1.828000068664550781e+01,1.315554351806640625e+02
1.831999969482421875e+01,1.311929779052734375e+02
1.836000061035156250e+01,1.308305053710937500e+02
1.839999961853027344e+01,1.304680175781250000e+02
1.844000053405761719e+01,1.301055603027343750e+02
1.847999954223632812e+01,1.297431030273437500e+02
1.852000045776367188e+01,1.293852539062500000e+02
1.855999946594238281e+01,1.289772491455078125e+02
1.860000038146972656e+01,1.285555725097656250e+02
1.863999938964843750e+01,1.281343078613281250e+02
1.868000030517578125e+01,1.277133483886718750e+02
1.871999931335449219e+01,1.272918319702148438e+02
1.876000022888183594e+01,1.268706665039062500e+02
1.879999923706054688e+01,1.264499130249023438e+02
1.884000015258789062e+01,1.260295257568359375e+02
1.887999916076660156e+01,1.256095046997070312e+02
1.892000007629394531e+01,1.251875839233398438e+02
1.895999908447265625e+01,1.247661056518554688e+02
1.900000000000000000e+01,1.243456954956054688e+02
1.904000091552734375e+01,1.239264678955078125e+02
1.907999992370605469e+01,1.235076293945312500e+02
1.912000083923339844e+01,1.230889587402343750e+02
1.915999984741210938e+01,1.226707992553710938e+02
1.920000076293945312e+01,1.222522125244140625e+02
1.923999977111816406e+01,1.218552551269531250e+02
1.928000068664550781e+01,1.215228118896484375e+02
1.931999969482421875e+01,1.211966094970703125e+02
1.936000061035156250e+01,1.208703308105468750e+02
1.939999961853027344e+01,1.205439453125000000e+02
1.944000053405761719e+01,1.202175292968750000e+02
1.947999954223632812e+01,1.198910827636718750e+02
1.952000045776367188e+01,1.195431442260742188e+02
1.955999946594238281e+01,1.191953659057617188e+02
1.960000038146972656e+01,1.188476181030273438e+02
1.963999938964843750e+01,1.185000305175781250e+02
1.968000030517578125e+01,1.181525115966796875e+02
1.971999931335449219e+01,1.178180236816406250e+02
1.976000022888183594e+01,1.174834976196289062e+02
1.979999923706054688e+01,1.171490936279296875e+02
1.984000015258789062e+01,1.168146896362304688e+02
1.987999916076660156e+01,1.164803161621093750e+02
1.992000007629394531e+01,1.161373062133789062e+02
1.995999908447265625e+01,1.157943649291992188e+02
2.000000000000000000e+01,1.154589538574218750e+02
2.004000091552734375e+01,1.151311340332031250e+02
2.007999992370605469e+01,1.148034362792968750e+02
2.012000083923339844e+01,1.144722595214843750e+02
2.015999984741210938e+01,1.141413040161132812e+02
2.020000076293945312e+01,1.138104553222656250e+02
2.023999977111816406e+01,1.134797439575195312e+02
2.028000068664550781e+01,1.131491775512695312e+02
2.031999969482421875e+01,1.128193588256835938e+02
2.036000061035156250e+01,1.124896774291992188e+02
2.039999961853027344e+01,1.121601867675781250e+02
2.044000053405761719e+01,1.118307800292968750e+02
2.047999954223632812e+01,1.115015945434570312e+02
2.052000045776367188e+01,1.111547546386718750e+02
2.055999946594238281e+01,1.108081665039062500e+02
2.060000038146972656e+01,1.104618759155273438e+02
2.063999938964843750e+01,1.101158447265625000e+02
2.068000030517578125e+01,1.097700500488281250e+02
2.071999931335449219e+01,1.094343566894531250e+02
2.076000022888183594e+01,1.090988769531250000e+02
2.079999923706054688e+01,1.087636260986328125e+02
2.084000015258789062e+01,1.084285888671875000e+02
2.087999916076660156e+01,1.080937118530273438e+02
2.092000007629394531e+01,1.077523269653320312e+02
2.095999908447265625e+01,1.074112319946289062e+02
2.100000000000000000e+01,1.070905761718750000e+02
2.103999900817871094e+01,1.067902984619140625e+02
2.107999992370605469e+01,1.064901885986328125e+02
2.112000083923339844e+01,1.061795806884765625e+02
2.115999984741210938e+01,1.058689956665039062e+02
2.120000076293945312e+01,1.055586547851562500e+02
2.123999977111816406e+01,1.052479858398437500e+02
2.128000068664550781e+01,1.049358444213867188e+02
2.131999969482421875e+01,1.046394348144531250e+02
2.136000061035156250e+01,1.043431549072265625e+02
2.139999961853027344e+01,1.040470962524414062e+02
2.144000053405761719e+01,1.037511596679687500e+02
2.147999954223632812e+01,1.034554367065429688e+02
2.152000045776367188e+01,1.031833038330078125e+02
2.155999946594238281e+01,1.029113006591796875e+02
2.160000038146972656e+01,1.026393737792968750e+02
2.163999938964843750e+01,1.023675994873046875e+02
2.168000030517578125e+01,1.020959243774414062e+02
2.171999931335449219e+01,1.018202209472656250e+02
2.176000022888183594e+01,1.015446624755859375e+02
2.179999923706054688e+01,1.012692565917968750e+02
2.184000015258789062e+01,1.009939880371093750e+02
2.187999916076660156e+01,1.007188491821289062e+02
2.192000007629394531e+01,1.004490203857421875e+02
2.195999908447265625e+01,1.001793289184570312e+02
2.200000000000000000e+01,9.992147064208984375e+01
2.203999900817871094e+01,9.967536926269531250e+01
2.207999992370605469e+01,9.942928314208984375e+01
2.212000083923339844e+01,9.917427062988281250e+01
2.215999984741210938e+01,9.891946411132812500e+01
2.220000076293945312e+01,9.866470336914062500e+01
2.223999977111816406e+01,9.840998840332031250e+01
2.228000068664550781e+01,9.815536499023437500e+01
2.231999969482421875e+01,9.791114044189453125e+01
2.236000061035156250e+01,9.766690063476562500e+01
2.239999961853027344e+01,9.742272186279296875e+01
2.244000053405761719e+01,9.717851257324218750e+01
2.247999954223632812e+01,9.693437194824218750e+01
2.252000045776367188e+01,9.674388885498046875e+01
2.255999946594238281e+01,9.655329895019531250e+01
2.260000038146972656e+01,9.636260223388671875e+01
2.263999938964843750e+01,9.617181396484375000e+01
2.268000030517578125e+01,9.598091125488281250e+01
2.271999931335449219e+01,9.578990173339843750e+01
2.276000022888183594e+01,9.559877014160156250e+01
2.279999923706054688e+01,9.540754699707031250e+01
2.284000015258789062e+01,9.521623229980468750e+01
2.287999916076660156e+01,9.502480316162109375e+01
2.292000007629394531e+01,9.483129882812500000e+01
2.295999908447265625e+01,9.463775634765625000e+01
2.300000000000000000e+01,9.445359039306640625e+01
2.303999900817871094e+01,9.427873992919921875e+01
2.307999992370605469e+01,9.410368347167968750e+01
2.312000083923339844e+01,9.393049621582031250e+01
2.315999984741210938e+01,9.375708770751953125e+01
2.320000076293945312e+01,9.358343505859375000e+01
2.323999977111816406e+01,9.340910339355468750e+01
2.328000068664550781e+01,9.323451232910156250e+01
2.331999969482421875e+01,9.307146453857421875e+01
2.336000061035156250e+01,9.290812683105468750e+01
2.339999961853027344e+01,9.274453735351562500e+01
2.344000053405761719e+01,9.258065032958984375e+01
2.347999954223632812e+01,9.241645812988281250e+01
2.352000045776367188e+01,9.212475585937500000e+01
2.355999946594238281e+01,9.183319091796875000e+01
2.360000038146972656e+01,9.154170989990234375e+01
2.363999938964843750e+01,9.125039672851562500e+01
2.368000030517578125e+01,9.095916748046875000e+01
2.371999931335449219e+01,9.068933868408203125e+01
2.376000022888183594e+01,9.041949462890625000e+01
2.379999923706054688e+01,9.014963531494140625e+01
2.384000015258789062e+01,8.987979125976562500e+01
2.387999916076660156e+01,8.960993957519531250e+01
2.392000007629394531e+01,8.932900238037109375e+01
2.395999908447265625e+01,8.904814910888671875e+01
2.400000000000000000e+01,8.877450561523437500e+01
2.403999900817871094e+01,8.850801086425781250e+01
2.407999992370605469e+01,8.824142456054687500e+01
2.411999893188476562e+01,8.797401428222656250e+01
2.415999984741210938e+01,8.770654296875000000e+01
2.420000076293945312e+01,8.743902587890625000e+01
2.423999977111816406e+01,8.717144775390625000e+01
2.428000068664550781e+01,8.690382385253906250e+01
2.431999969482421875e+01,8.664019012451171875e+01
2.436000061035156250e+01,8.637646484375000000e+01
2.439999961853027344e+01,8.611270141601562500e+01
2.444000053405761719e+01,8.584887695312500000e+01
2.447999954223632812e+01,8.558497619628906250e+01
2.452000045776367188e+01,8.531832885742187500e+01
2.455999946594238281e+01,8.505152893066406250e+01
2.460000038146972656e+01,8.478448486328125000e+01
2.463999938964843750e+01,8.451725769042968750e+01
2.468000030517578125e+01,8.424987792968750000e+01
2.471999931335449219e+01,8.398039245605468750e+01
2.476000022888183594e+01,8.371072387695312500e+01
2.479999923706054688e+01,8.344091796875000000e+01
2.484000015258789062e+01,8.325725555419921875e+01
2.487999916076660156e+01,8.310913848876953125e+01
2.492000007629394531e+01,8.296176147460937500e+01
2.495999908447265625e+01,8.281370544433593750e+01
2.500000000000000000e+01,8.267711639404296875e+01
2.503999900817871094e+01,8.255204772949218750e+01
2.507999992370605469e+01,8.242635345458984375e+01
2.511999893188476562e+01,8.229904174804687500e+01
2.515999984741210938e+01,8.217111968994140625e+01
2.520000076293945312e+01,8.204257202148437500e+01
2.523999977111816406e+01,8.191345214843750000e+01
2.528000068664550781e+01,8.178370666503906250e+01
2.531999969482421875e+01,8.165719604492187500e+01
2.536000061035156250e+01,8.153005981445312500e+01
2.539999961853027344e+01,8.140231323242187500e+01
2.544000053405761719e+01,8.127394866943359375e+01
2.547999954223632812e+01,8.114492797851562500e+01
2.552000045776367188e+01,8.100645446777343750e+01
2.555999946594238281e+01,8.086720275878906250e+01
2.560000038146972656e+01,8.072727966308593750e+01
2.563999938964843750e+01,8.058679199218750000e+01
2.568000030517578125e+01,8.044570922851562500e+01
2.571999931335449219e+01,8.030519104003906250e+01
2.576000022888183594e+01,8.016410064697265625e+01
2.579999923706054688e+01,8.002240753173828125e+01
2.584000015258789062e+01,7.988011169433593750e+01
2.587999916076660156e+01,7.973725128173828125e+01
2.592000007629394531e+01,7.960181427001953125e+01
2.595999908447265625e+01,7.946575927734375000e+01
2.600000000000000000e+01,7.933390808105468750e+01
2.603999900817871094e+01,7.920635223388671875e+01
2.607999992370605469e+01,7.907824707031250000e+01
2.611999893188476562e+01,7.894442749023437500e+01
2.615999984741210938e+01,7.881011962890625000e+01
2.620000076293945312e+01,7.867531585693359375e+01
2.623999977111816406e+01,7.853999328613281250e+01
2.628000068664550781e+01,7.840417480468750000e+01
2.631999969482421875e+01,7.826312255859375000e+01
2.636000061035156250e+01,7.812158203125000000e+01
2.639999961853027344e+01,7.797953796386718750e+01
2.644000053405761719e+01,7.783699798583984375e+01
2.647999954223632812e+01,7.769400024414062500e+01
2.652000045776367188e+01,7.757154083251953125e+01
2.655999946594238281e+01,7.744879913330078125e+01
2.660000038146972656e+01,7.732701873779296875e+01
2.663999938964843750e+01,7.721891784667968750e+01
2.668000030517578125e+01,7.685502624511718750e+01
2.671999931335449219e+01,7.673672485351562500e+01
2.676000022888183594e+01,7.660057830810546875e+01
2.679999923706054688e+01,7.646374511718750000e+01
2.684000015258789062e+01,7.632667541503906250e+01
2.687999916076660156e+01,7.618927764892578125e+01
2.692000007629394531e+01,7.607482147216796875e+01
2.695999908447265625e+01,7.595994567871093750e+01
2.700000000000000000e+01,7.585203552246093750e+01
2.703999900817871094e+01,7.575114440917968750e+01
2.707999992370605469e+01,7.564990997314453125e+01
2.711999893188476562e+01,7.552431488037109375e+01
2.715999984741210938e+01,7.539842224121093750e+01
2.719999885559082031e+01,7.527224731445312500e+01
2.723999977111816406e+01,7.514581298828125000e+01
2.728000068664550781e+01,7.501909637451171875e+01
2.731999969482421875e+01,7.491129302978515625e+01
2.736000061035156250e+01,7.480313873291015625e+01
2.739999961853027344e+01,7.469472503662109375e+01
2.744000053405761719e+01,7.458602905273437500e+01
2.747999954223632812e+01,7.447701263427734375e+01
2.752000045776367188e+01,7.437621307373046875e+01
2.755999946594238281e+01,7.427519989013671875e+01
2.760000038146972656e+01,7.417396545410156250e+01
2.763999938964843750e+01,7.407248687744140625e+01
2.768000030517578125e+01,7.397080993652343750e+01
2.771999931335449219e+01,7.386999511718750000e+01
2.776000022888183594e+01,7.376892089843750000e+01
2.779999923706054688e+01,7.366764831542968750e+01
2.784000015258789062e+01,7.356613159179687500e+01
2.787999916076660156e+01,7.346443176269531250e+01
2.792000007629394531e+01,7.335619354248046875e+01
2.795999908447265625e+01,7.324776458740234375e+01
2.800000000000000000e+01,7.312763977050781250e+01
2.803999900817871094e+01,7.299600219726562500e+01
2.807999992370605469e+01,7.286431884765625000e+01
2.811999893188476562e+01,7.273919677734375000e+01
2.815999984741210938e+01,7.261403656005859375e+01
2.819999885559082031e+01,7.248882293701171875e+01
2.823999977111816406e+01,7.236357116699218750e+01
2.828000068664550781e+01,7.223823547363281250e+01
2.831999969482421875e+01,7.210844421386718750e+01
2.836000061035156250e+01,7.197863769531250000e+01
2.839999961853027344e+01,7.184879302978515625e+01
2.844000053405761719e+01,7.171890258789062500e+01
2.847999954223632812e+01,7.158898162841796875e+01
2.852000045776367188e+01,7.147141265869140625e+01
2.855999946594238281e+01,7.135385131835937500e+01
2.860000038146972656e+01,7.123627471923828125e+01
2.863999938964843750e+01,7.111870574951171875e+01
2.868000030517578125e+01,7.100111389160156250e+01
2.871999931335449219e+01,7.088260650634765625e+01
2.876000022888183594e+01,7.076409912109375000e+01
2.879999923706054688e+01,7.064557647705078125e+01
2.884000015258789062e+01,7.052708435058593750e+01
2.887999916076660156e+01,7.040861511230468750e+01
2.892000007629394531e+01,7.028910827636718750e+01
2.895999908447265625e+01,7.016962432861328125e+01
2.900000000000000000e+01,7.005029296875000000e+01
2.903999900817871094e+01,6.993110656738281250e+01
2.907999992370605469e+01,6.981196594238281250e+01
2.911999893188476562e+01,6.969662475585937500e+01
2.915999984741210938e+01,6.958130645751953125e+01
2.919999885559082031e+01,6.946604919433593750e+01
2.923999977111816406e+01,6.935081481933593750e+01
2.928000068664550781e+01,6.923562622070312500e+01
2.931999969482421875e+01,6.911907196044921875e+01
2.936000061035156250e+01,6.900256347656250000e+01
2.939999961853027344e+01,6.888610839843750000e+01
2.944000053405761719e+01,6.876969909667968750e+01
2.947999954223632812e+01,6.865332794189453125e+01
2.952000045776367188e+01,6.853376770019531250e+01
2.955999946594238281e+01,6.841429138183593750e+01
2.960000038146972656e+01,6.829488372802734375e+01
2.963999938964843750e+01,6.817557525634765625e+01
2.968000030517578125e+01,6.805632019042968750e+01
2.971999931335449219e+01,6.794349670410156250e+01
2.976000022888183594e+01,6.783071899414062500e+01
2.979999923706054688e+01,6.771800231933593750e+01
2.984000015258789062e+01,6.760533905029296875e+01
2.987999916076660156e+01,6.749272155761718750e+01
2.992000007629394531e+01,6.736587524414062500e+01
2.995999908447265625e+01,6.723914337158203125e+01
3.000000000000000000e+01,6.710446166992187500e+01
3.003999900817871094e+01,6.696192169189453125e+01
3.007999992370605469e+01,6.681952667236328125e+01
3.011999893188476562e+01,6.668737030029296875e+01
3.015999984741210938e+01,6.655532836914062500e+01
3.019999885559082031e+01,6.642339324951171875e+01
3.023999977111816406e+01,6.629155731201171875e+01
3.028000068664550781e+01,6.615983581542968750e+01
3.031999969482421875e+01,6.603199768066406250e+01
3.036000061035156250e+01,6.590425109863281250e+01
3.039999961853027344e+01,6.577659606933593750e+01
3.044000053405761719e+01,6.564904785156250000e+01
3.047999954223632812e+01,6.552156066894531250e+01
3.052000045776367188e+01,6.539720153808593750e+01
3.055999946594238281e+01,6.527294158935546875e+01
3.060000038146972656e+01,6.514877319335937500e+01
3.063999938964843750e+01,6.502470397949218750e+01
3.068000030517578125e+01,6.490075683593750000e+01
3.071999931335449219e+01,6.477612304687500000e+01
3.076000022888183594e+01,6.465159606933593750e+01
3.079999923706054688e+01,6.452719116210937500e+01
3.084000015258789062e+01,6.440287780761718750e+01
3.087999916076660156e+01,6.427867126464843750e+01
3.092000007629394531e+01,6.415633392333984375e+01
3.095999908447265625e+01,6.403406524658203125e+01
3.100000000000000000e+01,6.392357254028320312e+01
3.103999900817871094e+01,6.382482910156250000e+01
3.107999992370605469e+01,6.372611999511718750e+01
3.111999893188476562e+01,6.362564849853515625e+01
3.115999984741210938e+01,6.352523040771484375e+01
3.119999885559082031e+01,6.342486572265625000e+01
3.123999977111816406e+01,6.332455444335937500e+01
3.127999877929687500e+01,6.322431182861328125e+01
3.131999969482421875e+01,6.312611389160156250e+01
3.136000061035156250e+01,6.302796173095703125e+01
3.139999961853027344e+01,6.292987823486328125e+01
3.144000053405761719e+01,6.283182525634765625e+01
3.147999954223632812e+01,6.273384857177734375e+01
3.152000045776367188e+01,6.262588500976562500e+01
3.155999946594238281e+01,6.251800918579101562e+01
3.160000038146972656e+01,6.241020965576171875e+01
3.163999938964843750e+01,6.230247497558593750e+01
3.168000030517578125e+01,6.219477462768554688e+01
3.171999931335449219e+01,6.209059143066406250e+01
3.176000022888183594e+01,6.199033355712890625e+01
3.179999923706054688e+01,6.176662063598632812e+01
3.184000015258789062e+01,6.162730407714843750e+01
3.187999916076660156e+01,6.151854705810546875e+01
3.192000007629394531e+01,6.141593933105468750e+01
3.195999908447265625e+01,6.131295776367187500e+01
3.200000000000000000e+01,6.121051406860351562e+01
3.203999710083007812e+01,6.110874557495117188e+01
3.207999801635742188e+01,6.100703048706054688e+01
3.211999893188476562e+01,6.090558624267578125e+01
3.215999984741210938e+01,6.080420684814453125e+01
3.219999694824218750e+01,6.070289993286132812e+01
3.223999786376953125e+01,6.060165023803710938e+01
3.227999877929687500e+01,6.050047683715820312e+01
3.231999969482421875e+01,6.039552688598632812e+01
3.236000061035156250e+01,6.028932571411132812e+01
3.239999771118164062e+01,6.018109512329101562e+01
3.243999862670898438e+01,6.007295608520507812e+01
3.247999954223632812e+01,5.996491241455078125e+01
3.252000045776367188e+01,5.985820007324218750e+01
3.255999755859375000e+01,5.975159454345703125e+01
3.259999847412109375e+01,5.964505004882812500e+01
3.263999938964843750e+01,5.953858947753906250e+01
3.268000030517578125e+01,5.943219757080078125e+01
3.271999740600585938e+01,5.932432937622070312e+01
3.275999832153320312e+01,5.921654129028320312e+01
3.279999923706054688e+01,5.910886001586914062e+01
3.284000015258789062e+01,5.900128936767578125e+01
3.287999725341796875e+01,5.889381408691406250e+01
3.291999816894531250e+01,5.878546142578125000e+01
3.295999908447265625e+01,5.867721939086914062e+01
3.300000000000000000e+01,5.857028961181640625e+01
3.303999710083007812e+01,5.846466445922851562e+01
3.307999801635742188e+01,5.835908889770507812e+01
3.311999893188476562e+01,5.825481796264648438e+01
3.315999984741210938e+01,5.815060806274414062e+01
3.319999694824218750e+01,5.804644012451171875e+01
3.323999786376953125e+01,5.794233703613281250e+01
3.327999877929687500e+01,5.783827972412109375e+01
3.331999969482421875e+01,5.773380279541015625e+01
3.336000061035156250e+01,5.762936401367187500e+01
3.339999771118164062e+01,5.752500152587890625e+01
3.343999862670898438e+01,5.742068862915039062e+01
3.347999954223632812e+01,5.731641387939453125e+01
3.352000045776367188e+01,5.721432113647460938e+01
3.355999755859375000e+01,5.711230468750000000e+01
3.359999847412109375e+01,5.701034164428710938e+01
3.363999938964843750e+01,5.690843963623046875e+01
3.367999649047851562e+01,5.680661773681640625e+01
3.371999740600585938e+01,5.670785903930664062e+01
3.375999832153320312e+01,5.660914230346679688e+01
3.379999923706054688e+01,5.651047897338867188e+01
3.383999633789062500e+01,5.641189193725585938e+01
3.387999725341796875e+01,5.631334686279296875e+01
3.391999816894531250e+01,5.621366119384765625e+01
3.395999908447265625e+01,5.611404037475585938e+01
3.399999618530273438e+01,5.601744842529296875e+01
3.403999710083007812e+01,5.592386627197265625e+01
3.407999801635742188e+01,5.583033370971679688e+01
3.411999893188476562e+01,5.573781585693359375e+01
3.415999603271484375e+01,5.564536285400390625e+01
3.419999694824218750e+01,5.555295944213867188e+01
3.423999786376953125e+01,5.546059036254882812e+01
3.427999877929687500e+01,5.536829376220703125e+01
3.431999588012695312e+01,5.527619171142578125e+01
3.435999679565429688e+01,5.518413162231445312e+01
3.439999771118164062e+01,5.509212112426757812e+01
3.443999862670898438e+01,5.500016784667968750e+01
3.447999954223632812e+01,5.490826416015625000e+01
3.451999664306640625e+01,5.481755065917968750e+01
3.455999755859375000e+01,5.472689819335937500e+01
3.459999847412109375e+01,5.463628387451171875e+01
3.463999938964843750e+01,5.454571533203125000e+01
3.467999649047851562e+01,5.445523452758789062e+01
3.471999740600585938e+01,5.437025451660156250e+01
3.475999832153320312e+01,5.428530120849609375e+01
3.479999923706054688e+01,5.420038223266601562e+01
3.483999633789062500e+01,5.411551666259765625e+01
3.487999725341796875e+01,5.403067016601562500e+01
3.491999816894531250e+01,5.393685913085937500e+01
3.495999908447265625e+01,5.384310150146484375e+01
3.499999618530273438e+01,5.375152587890625000e+01
3.503999710083007812e+01,5.366212463378906250e+01
3.507999801635742188e+01,5.357276153564453125e+01
3.511999893188476562e+01,5.349036407470703125e+01
3.515999603271484375e+01,5.340801620483398438e+01
3.519999694824218750e+01,5.332566833496093750e+01
3.523999786376953125e+01,5.324335479736328125e+01
3.527999877929687500e+01,5.316107177734375000e+01
3.531999588012695312e+01,5.307188796997070312e+01
3.535999679565429688e+01,5.298274230957031250e+01
3.539999771118164062e+01,5.289365768432617188e+01
3.543999862670898438e+01,5.280459594726562500e+01
3.547999954223632812e+01,5.271559524536132812e+01
3.551999664306640625e+01,5.262386703491210938e+01
3.555999755859375000e+01,5.253216552734375000e+01
3.559999847412109375e+01,5.244050216674804688e+01
3.563999938964843750e+01,5.234886169433593750e+01
3.567999649047851562e+01,5.225726318359375000e+01
3.571999740600585938e+01,5.216864776611328125e+01
3.575999832153320312e+01,5.208005905151367188e+01
3.579999923706054688e+01,5.199148941040039062e+01
3.583999633789062500e+01,5.190295791625976562e+01
3.587999725341796875e+01,5.181442260742187500e+01
3.591999816894531250e+01,5.172203445434570312e+01
3.595999908447265625e+01,5.162968063354492188e+01
3.599999618530273438e+01,5.154365539550781250e+01
3.603999710083007812e+01,5.146391677856445312e+01
3.607999801635742188e+01,5.138419723510742188e+01
3.611999893188476562e+01,5.130487442016601562e+01
3.615999603271484375e+01,5.122557830810546875e+01
3.619999694824218750e+01,5.114629364013671875e+01
3.623999786376953125e+01,5.106703567504882812e+01
3.627999877929687500e+01,5.098780441284179688e+01
3.631999588012695312e+01,5.090820693969726562e+01
3.635999679565429688e+01,5.082864379882812500e+01
3.639999771118164062e+01,5.074908828735351562e+01
3.643999862670898438e+01,5.066956710815429688e+01
3.647999954223632812e+01,5.059007644653320312e+01
3.651999664306640625e+01,5.050091552734375000e+01
3.655999755859375000e+01,5.041174697875976562e+01
3.659999847412109375e+01,5.032261657714843750e+01
3.663999938964843750e+01,5.023349380493164062e+01
3.667999649047851562e+01,5.014439010620117188e+01
3.671999740600585938e+01,5.005755615234375000e+01
3.675999832153320312e+01,4.997072982788085938e+01
3.679999923706054688e+01,4.988391876220703125e+01
3.683999633789062500e+01,4.979710769653320312e+01
3.687999725341796875e+01,4.971031188964843750e+01
3.691999816894531250e+01,4.962115097045898438e+01
3.695999908447265625e+01,4.953202438354492188e+01
3.699999618530273438e+01,4.944466400146484375e+01
3.703999710083007812e+01,4.935909271240234375e+01
3.707999801635742188e+01,4.927358245849609375e+01
3.711999893188476562e+01,4.918670272827148438e+01
3.715999603271484375e+01,4.909987640380859375e+01
3.719999694824218750e+01,4.901309204101562500e+01
3.723999786376953125e+01,4.892635726928710938e+01
3.727999877929687500e+01,4.883967971801757812e+01
3.731999588012695312e+01,4.875420379638671875e+01
3.735999679565429688e+01,4.866875839233398438e+01
3.739999771118164062e+01,4.858334732055664062e+01
3.743999862670898438e+01,4.849797058105468750e+01
3.747999954223632812e+01,4.841262054443359375e+01
3.751999664306640625e+01,4.836218643188476562e+01
3.755999755859375000e+01,4.831174850463867188e+01
3.759999847412109375e+01,4.826132965087890625e+01
3.763999938964843750e+01,4.821091079711914062e+01
3.767999649047851562e+01,4.816051483154296875e+01
3.771999740600585938e+01,4.810437774658203125e+01
3.775999832153320312e+01,4.804827499389648438e+01
3.779999923706054688e+01,4.799217987060546875e+01
3.783999633789062500e+01,4.793613815307617188e+01
3.787999725341796875e+01,4.788008880615234375e+01
3.791999816894531250e+01,4.782367706298828125e+01
3.795999908447265625e+01,4.776727294921875000e+01
3.799999618530273438e+01,4.769876861572265625e+01
3.803999710083007812e+01,4.761814880371093750e+01
3.807999801635742188e+01,4.753755187988281250e+01
3.811999893188476562e+01,4.746107101440429688e+01
3.815999603271484375e+01,4.738462066650390625e+01
3.819999694824218750e+01,4.730819320678710938e+01
3.823999786376953125e+01,4.723179244995117188e+01
3.827999877929687500e+01,4.715542221069335938e+01
3.831999588012695312e+01,4.707654190063476562e+01
3.835999679565429688e+01,4.699768829345703125e+01
3.839999771118164062e+01,4.691886901855468750e+01
3.843999862670898438e+01,4.684009170532226562e+01
3.847999954223632812e+01,4.676133728027343750e+01
3.851999664306640625e+01,4.667495727539062500e+01
3.855999755859375000e+01,4.658859252929687500e+01
3.859999847412109375e+01,4.650227355957031250e+01
3.863999938964843750e+01,4.641598129272460938e+01
3.867999649047851562e+01,4.632972717285156250e+01
3.871999740600585938e+01,4.624437332153320312e+01
3.875999832153320312e+01,4.615904235839843750e+01
3.879999923706054688e+01,4.607374954223632812e+01
3.883999633789062500e+01,4.598849487304687500e+01
3.887999725341796875e+01,4.590325164794921875e+01
3.891999816894531250e+01,4.581787872314453125e+01
3.895999908447265625e+01,4.573251342773437500e+01
3.899999618530273438e+01,4.566534042358398438e+01
3.903999710083007812e+01,4.561631774902343750e+01
3.907999801635742188e+01,4.556731033325195312e+01
3.911999893188476562e+01,4.551738357543945312e+01
3.915999603271484375e+01,4.546745681762695312e+01
3.919999694824218750e+01,4.541755294799804688e+01
3.923999786376953125e+01,4.536765670776367188e+01
3.927999877929687500e+01,4.531778335571289062e+01
3.931999588012695312e+01,4.526795959472656250e+01
3.935999679565429688e+01,4.521814346313476562e+01
3.939999771118164062e+01,4.516835784912109375e+01
3.943999862670898438e+01,4.511857223510742188e+01
3.947999572753906250e+01,4.506880950927734375e+01
3.951999664306640625e+01,4.499789428710937500e+01
3.955999755859375000e+01,4.492696762084960938e+01
3.959999847412109375e+01,4.485604858398437500e+01
3.963999938964843750e+01,4.478512573242187500e+01
3.967999649047851562e+01,4.471419906616210938e+01
3.971999740600585938e+01,4.463589477539062500e+01
3.975999832153320312e+01,4.455760192871093750e+01
3.979999923706054688e+01,4.447934722900390625e+01
3.983999633789062500e+01,4.440110778808593750e+01
3.987999725341796875e+01,4.432289123535156250e+01
3.991999816894531250e+01,4.424467468261718750e+01
3.995999908447265625e+01,4.416647720336914062e+01
3.999999618530273438e+01,4.408538055419921875e+01
4.003999710083007812e+01,4.400137710571289062e+01
4.007999801635742188e+01,4.391746520996093750e+01
4.011999893188476562e+01,4.383763885498046875e+01
4.015999603271484375e+01,4.375788116455078125e+01
4.019999694824218750e+01,4.367819213867187500e+01
4.023999786376953125e+01,4.359855651855468750e+01
4.027999877929687500e+01,4.351897430419921875e+01
4.031999588012695312e+01,4.343907546997070312e+01
4.035999679565429688e+01,4.335921478271484375e+01
4.039999771118164062e+01,4.327943801879882812e+01
4.043999862670898438e+01,4.319971466064453125e+01
4.047999572753906250e+01,4.312006759643554688e+01
4.051999664306640625e+01,4.304890823364257812e+01
4.055999755859375000e+01,4.297780609130859375e+01
4.059999847412109375e+01,4.290677642822265625e+01
4.063999938964843750e+01,4.283580780029296875e+01
4.067999649047851562e+01,4.276490783691406250e+01
4.071999740600585938e+01,4.269641876220703125e+01
4.075999832153320312e+01,4.262798309326171875e+01
4.079999923706054688e+01,4.255960845947265625e+01
4.083999633789062500e+01,4.249129867553710938e+01
4.087999725341796875e+01,4.242302703857421875e+01
4.091999816894531250e+01,4.234915161132812500e+01
4.095999908447265625e+01,4.227534484863281250e+01
4.099999618530273438e+01,4.221106719970703125e+01
4.103999710083007812e+01,4.215626144409179688e+01
4.107999801635742188e+01,4.210149765014648438e+01
4.111999893188476562e+01,4.205171203613281250e+01
4.115999603271484375e+01,4.200193786621093750e+01
4.119999694824218750e+01,4.195219421386718750e+01
4.123999786376953125e+01,4.190247344970703125e+01
4.127999877929687500e+01,4.185279083251953125e+01
4.131999588012695312e+01,4.179903030395507812e+01
4.135999679565429688e+01,4.174530029296875000e+01
4.139999771118164062e+01,4.169161987304687500e+01
4.143999862670898438e+01,4.163798141479492188e+01
4.147999572753906250e+01,4.158437728881835938e+01
4.151999664306640625e+01,4.148645401000976562e+01
4.155999755859375000e+01,4.138860702514648438e+01
4.159999847412109375e+01,4.129082489013671875e+01
4.163999938964843750e+01,4.119311904907226562e+01
4.167999649047851562e+01,4.109550094604492188e+01
4.171999740600585938e+01,4.099446105957031250e+01
4.175999832153320312e+01,4.089350128173828125e+01
4.179999923706054688e+01,4.079264450073242188e+01
4.183999633789062500e+01,4.069188308715820312e+01
4.187999725341796875e+01,4.059119796752929688e+01
4.191999816894531250e+01,4.048662185668945312e+01
4.195999908447265625e+01,4.038215255737304688e+01
4.199999618530273438e+01,4.030541992187500000e+01
4.203999710083007812e+01,4.025635147094726562e+01
4.207999801635742188e+01,4.020733642578125000e+01
4.211999893188476562e+01,4.016657257080078125e+01
4.215999603271484375e+01,4.012581634521484375e+01
4.219999694824218750e+01,4.008508682250976562e+01
4.223999786376953125e+01,4.004436111450195312e+01
4.227999877929687500e+01,4.000367736816406250e+01
4.231999588012695312e+01,3.995304107666015625e+01
4.235999679565429688e+01,3.990242767333984375e+01
4.239999771118164062e+01,3.985187530517578125e+01
4.243999862670898438e+01,3.980135345458984375e+01
4.247999572753906250e+01,3.975088119506835938e+01
4.251999664306640625e+01,3.970957946777343750e+01
4.255999755859375000e+01,3.966828918457031250e+01
4.259999847412109375e+01,3.962702941894531250e+01
4.263999938964843750e+01,3.958577728271484375e+01
4.267999649047851562e+01,3.954454421997070312e+01
4.271999740600585938e+01,3.949929809570312500e+01
4.275999832153320312e+01,3.945408630371093750e+01
4.279999923706054688e+01,3.940888214111328125e+01
4.283999633789062500e+01,3.936372756958007812e+01
4.287999725341796875e+01,3.931858825683593750e+01
4.291999816894531250e+01,3.927327346801757812e+01
4.295999908447265625e+01,3.922797775268554688e+01
4.299999618530273438e+01,3.916078186035156250e+01
4.303999710083007812e+01,3.907172775268554688e+01
4.307999801635742188e+01,3.898277664184570312e+01
4.311999893188476562e+01,3.889378738403320312e+01
4.315999603271484375e+01,3.880492401123046875e+01
4.319999694824218750e+01,3.871614837646484375e+01
4.323999786376953125e+01,3.862745666503906250e+01
4.327999877929687500e+01,3.853887176513671875e+01
4.331999588012695312e+01,3.845221328735351562e+01
4.335999679565429688e+01,3.836561965942382812e+01
4.339999771118164062e+01,3.827912902832031250e+01
4.343999862670898438e+01,3.819272994995117188e+01
4.347999572753906250e+01,3.810642623901367188e+01
4.351999664306640625e+01,3.805823898315429688e+01
4.355999755859375000e+01,3.801008224487304688e+01
4.359999847412109375e+01,3.796196365356445312e+01
4.363999938964843750e+01,3.791387176513671875e+01
4.367999649047851562e+01,3.786582183837890625e+01
4.371999740600585938e+01,3.781787872314453125e+01
4.375999832153320312e+01,3.776996994018554688e+01
4.379999923706054688e+01,3.772207641601562500e+01
4.383999633789062500e+01,3.767422485351562500e+01
4.387999725341796875e+01,3.762641143798828125e+01
4.391999816894531250e+01,3.757884597778320312e+01
4.395999908447265625e+01,3.753131103515625000e+01
4.399999618530273438e+01,3.746936035156250000e+01
4.403999710083007812e+01,3.739300537109375000e+01
4.407999801635742188e+01,3.731671142578125000e+01
4.411999893188476562e+01,3.724491119384765625e+01
4.415999603271484375e+01,3.717316436767578125e+01
4.419999694824218750e+01,3.710145568847656250e+01
4.423999786376953125e+01,3.702980041503906250e+01
4.427999877929687500e+01,3.695819854736328125e+01
4.431999588012695312e+01,3.687928390502929688e+01
4.435999679565429688e+01,3.680044555664062500e+01
4.439999771118164062e+01,3.672168731689453125e+01
4.443999862670898438e+01,3.664300537109375000e+01
4.447999572753906250e+01,3.656440734863281250e+01
4.451999664306640625e+01,3.652294921875000000e+01
4.455999755859375000e+01,3.648150634765625000e+01
4.459999847412109375e+01,3.644009399414062500e+01
4.463999938964843750e+01,3.639871978759765625e+01
4.467999649047851562e+01,3.635736083984375000e+01
4.471999740600585938e+01,3.632019424438476562e+01
4.475999832153320312e+01,3.628302764892578125e+01
4.479999923706054688e+01,3.624589157104492188e+01
4.483999633789062500e+01,3.620877075195312500e+01
4.487999725341796875e+01,3.617166519165039062e+01
4.491999816894531250e+01,3.613327026367187500e+01
4.495999908447265625e+01,3.609489440917968750e+01
4.499999618530273438e+01,3.605005645751953125e+01
4.503999710083007812e+01,3.599876785278320312e+01
4.507999801635742188e+01,3.594749832153320312e+01
4.511999893188476562e+01,3.589407348632812500e+01
4.515999603271484375e+01,3.584070205688476562e+01
4.519999694824218750e+01,3.578735351562500000e+01
4.523999786376953125e+01,3.573403930664062500e+01
4.527999877929687500e+01,3.568075561523437500e+01
4.531999588012695312e+01,3.562691879272460938e+01
4.535999679565429688e+01,3.557310867309570312e+01
4.539999771118164062e+01,3.551933670043945312e+01
4.543999862670898438e+01,3.546560668945312500e+01
4.547999572753906250e+01,3.541191101074218750e+01
4.551999664306640625e+01,3.535353088378906250e+01
4.555999755859375000e+01,3.529519271850585938e+01
4.559999847412109375e+01,3.523690414428710938e+01
4.563999938964843750e+01,3.517865753173828125e+01
4.567999649047851562e+01,3.512045669555664062e+01
4.571999740600585938e+01,3.506159210205078125e+01
4.575999832153320312e+01,3.500276947021484375e+01
4.579999923706054688e+01,3.494400787353515625e+01
4.583999633789062500e+01,3.488528823852539062e+01
4.587999725341796875e+01,3.482662200927734375e+01
4.591999816894531250e+01,3.476608276367187500e+01
4.595999908447265625e+01,3.470559692382812500e+01
4.599999618530273438e+01,3.464641952514648438e+01
4.603999710083007812e+01,3.458852386474609375e+01
4.607999801635742188e+01,3.453068542480468750e+01
4.611999893188476562e+01,3.447492980957031250e+01
4.615999603271484375e+01,3.441923141479492188e+01
4.619999694824218750e+01,3.436356353759765625e+01
4.623999786376953125e+01,3.430795288085937500e+01
4.627999877929687500e+01,3.424934768676757812e+01
4.631999588012695312e+01,3.418881607055664062e+01
4.635999679565429688e+01,3.412835693359375000e+01
4.639999771118164062e+01,3.406794357299804688e+01
4.643999862670898438e+01,3.400759887695312500e+01
4.647999572753906250e+01,3.394731903076171875e+01
4.651999664306640625e+01,3.388374710083007812e+01
4.655999755859375000e+01,3.382017898559570312e+01
4.659999847412109375e+01,3.375663375854492188e+01
4.663999557495117188e+01,3.369310379028320312e+01
4.667999649047851562e+01,3.362957763671875000e+01
4.671999740600585938e+01,3.356101989746093750e+01
4.675999832153320312e+01,3.349249267578125000e+01
4.679999923706054688e+01,3.342399978637695312e+01
4.683999633789062500e+01,3.335554504394531250e+01
4.687999725341796875e+01,3.328712463378906250e+01
4.691999816894531250e+01,3.321999359130859375e+01
4.695999908447265625e+01,3.315290069580078125e+01
4.699999618530273438e+01,3.309738922119140625e+01
4.703999710083007812e+01,3.305347824096679688e+01
4.707999801635742188e+01,3.300959777832031250e+01
4.711999893188476562e+01,3.296511840820312500e+01
4.715999603271484375e+01,3.292067718505859375e+01
4.719999694824218750e+01,3.287626647949218750e+01
4.723999786376953125e+01,3.283189773559570312e+01
4.727999877929687500e+01,3.278755569458007812e+01
4.731999588012695312e+01,3.274330139160156250e+01
4.735999679565429688e+01,3.269908142089843750e+01
4.739999771118164062e+01,3.265489196777343750e+01
4.743999862670898438e+01,3.261074066162109375e+01
4.747999572753906250e+01,3.256663513183593750e+01
4.751999664306640625e+01,3.250098800659179688e+01
4.755999755859375000e+01,3.243538284301757812e+01
4.759999847412109375e+01,3.236981201171875000e+01
4.763999557495117188e+01,3.230427169799804688e+01
4.767999649047851562e+01,3.223875808715820312e+01
4.771999740600585938e+01,3.217325592041015625e+01
4.775999832153320312e+01,3.210778808593750000e+01
4.779999923706054688e+01,3.204234313964843750e+01
4.783999633789062500e+01,3.197694015502929688e+01
4.787999725341796875e+01,3.191156768798828125e+01
4.791999816894531250e+01,3.184518623352050781e+01
4.795999908447265625e+01,3.177884674072265625e+01
4.799999618530273438e+01,3.173397445678710938e+01
4.803999710083007812e+01,3.171053695678710938e+01
4.807999801635742188e+01,3.168710899353027344e+01
4.811999893188476562e+01,3.166426849365234375e+01
4.815999603271484375e+01,3.164144325256347656e+01
4.819999694824218750e+01,3.161862182617187500e+01
4.823999786376953125e+01,3.159580802917480469e+01
4.827999877929687500e+01,3.157300949096679688e+01
4.831999588012695312e+01,3.155035018920898438e+01
4.835999679565429688e+01,3.152770423889160156e+01
4.839999771118164062e+01,3.150506591796875000e+01
4.843999862670898438e+01,3.148244285583496094e+01
4.847999572753906250e+01,3.145982360839843750e+01
4.851999664306640625e+01,3.138683700561523438e+01
4.855999755859375000e+01,3.131385803222656250e+01
4.859999847412109375e+01,3.124090003967285156e+01
4.863999557495117188e+01,3.116795158386230469e+01
4.867999649047851562e+01,3.109501266479492188e+01
4.871999740600585938e+01,3.102507209777832031e+01
4.875999832153320312e+01,3.095512771606445312e+01
4.879999923706054688e+01,3.088518142700195312e+01
4.883999633789062500e+01,3.081524848937988281e+01
4.887999725341796875e+01,3.074530029296875000e+01
4.891999816894531250e+01,3.066777420043945312e+01
4.895999908447265625e+01,3.059029006958007812e+01
4.899999618530273438e+01,3.053012847900390625e+01
4.903999710083007812e+01,3.048728370666503906e+01
4.907999801635742188e+01,3.044448089599609375e+01
4.911999893188476562e+01,3.040676498413085938e+01
4.915999603271484375e+01,3.036908721923828125e+01
4.919999694824218750e+01,3.033141708374023438e+01
4.923999786376953125e+01,3.029378318786621094e+01
4.927999877929687500e+01,3.025616836547851562e+01
4.931999588012695312e+01,3.021996116638183594e+01
4.935999679565429688e+01,3.018376922607421875e+01
4.939999771118164062e+01,3.014759635925292969e+01
4.943999862670898438e+01,3.011145401000976562e+01
4.947999572753906250e+01,3.007532882690429688e+01
4.951999664306640625e+01,3.002308273315429688e+01
4.955999755859375000e+01,2.997085952758789062e+01
4.959999847412109375e+01,2.991865348815917969e+01
4.963999557495117188e+01,2.986648368835449219e+01
4.967999649047851562e+01,2.981433105468750000e+01
4.971999740600585938e+01,2.976646232604980469e+01
4.975999832153320312e+01,2.971860122680664062e+01
4.979999923706054688e+01,2.967074966430664062e+01
4.983999633789062500e+01,2.962289810180664062e+01
4.987999725341796875e+01,2.957505989074707031e+01
4.991999816894531250e+01,2.952786636352539062e+01
4.995999908447265625e+01,2.948068809509277344e+01
4.999999618530273438e+01,2.942830467224121094e+01
5.003999710083007812e+01,2.937069702148437500e+01
5.007999801635742188e+01,2.931309127807617188e+01
5.011999893188476562e+01,2.925466918945312500e+01
5.015999603271484375e+01,2.919625473022460938e+01
5.019999694824218750e+01,2.913784217834472656e+01
5.023999786376953125e+01,2.907942771911621094e+01
5.027999877929687500e+01,2.902102279663085938e+01
5.031999588012695312e+01,2.896196937561035156e+01
5.035999679565429688e+01,2.890292358398437500e+01
5.039999771118164062e+01,2.884388160705566406e+01
5.043999862670898438e+01,2.878484344482421875e+01
5.047999572753906250e+01,2.872582244873046875e+01
5.051999664306640625e+01,2.868535232543945312e+01
5.055999755859375000e+01,2.864488792419433594e+01
5.059999847412109375e+01,2.860443878173828125e+01
5.063999557495117188e+01,2.856399726867675781e+01
5.067999649047851562e+01,2.852357864379882812e+01
5.071999740600585938e+01,2.848413276672363281e+01
5.075999832153320312e+01,2.844470214843750000e+01
5.079999923706054688e+01,2.840527915954589844e+01
5.083999633789062500e+01,2.836587333679199219e+01
5.087999725341796875e+01,2.832646942138671875e+01
5.091999816894531250e+01,2.828764533996582031e+01
5.095999908447265625e+01,2.824882698059082031e+01
5.099999618530273438e+01,2.821338272094726562e+01
5.103999710083007812e+01,2.818129920959472656e+01
5.107999801635742188e+01,2.814922714233398438e+01
5.111999893188476562e+01,2.811640167236328125e+01
5.115999603271484375e+01,2.808358383178710938e+01
5.119999694824218750e+01,2.805076980590820312e+01
5.123999786376953125e+01,2.801797866821289062e+01
5.127999877929687500e+01,2.798519134521484375e+01
5.131999588012695312e+01,2.795246696472167969e+01
5.135999679565429688e+01,2.791974830627441406e+01
5.139999771118164062e+01,2.788703727722167969e+01
5.143999862670898438e+01,2.785434913635253906e+01
5.147999572753906250e+01,2.782166099548339844e+01
5.151999664306640625e+01,2.776743507385253906e+01
5.155999755859375000e+01,2.771323013305664062e+01
5.159999847412109375e+01,2.765904808044433594e+01
5.163999557495117188e+01,2.760489463806152344e+01
5.167999649047851562e+01,2.755076599121093750e+01
5.171999740600585938e+01,2.749671173095703125e+01
5.175999832153320312e+01,2.744268798828125000e+01
5.179999923706054688e+01,2.738868141174316406e+01
5.183999633789062500e+01,2.733471107482910156e+01
5.187999725341796875e+01,2.728075790405273438e+01
5.191999816894531250e+01,2.722552871704101562e+01
5.195999908447265625e+01,2.717031860351562500e+01
5.199999618530273438e+01,2.711752700805664062e+01
5.203999710083007812e+01,2.706712341308593750e+01
5.207999801635742188e+01,2.701675605773925781e+01
5.211999893188476562e+01,2.696603965759277344e+01
5.215999603271484375e+01,2.691535568237304688e+01
5.219999694824218750e+01,2.686470985412597656e+01
5.223999786376953125e+01,2.681409072875976562e+01
5.227999877929687500e+01,2.676351356506347656e+01
5.231999588012695312e+01,2.671504211425781250e+01
5.235999679565429688e+01,2.666659164428710938e+01
5.239999771118164062e+01,2.661816978454589844e+01
5.243999862670898438e+01,2.656977844238281250e+01
5.247999572753906250e+01,2.652140998840332031e+01
5.251999664306640625e+01,2.648985671997070312e+01
5.255999755859375000e+01,2.645832252502441406e+01
5.259999847412109375e+01,2.642679786682128906e+01
5.263999557495117188e+01,2.639529800415039062e+01
5.267999649047851562e+01,2.636381912231445312e+01
5.271999740600585938e+01,2.633270263671875000e+01
5.275999832153320312e+01,2.630160522460937500e+01
5.279999542236328125e+01,2.627052116394042969e+01
5.283999633789062500e+01,2.623945617675781250e+01
5.287999725341796875e+01,2.620840644836425781e+01
5.291999816894531250e+01,2.617584609985351562e+01
5.295999908447265625e+01,2.614331436157226562e+01
5.299999618530273438e+01,2.610523986816406250e+01
5.303999710083007812e+01,2.606163024902343750e+01
5.307999801635742188e+01,2.601803779602050781e+01
5.311999893188476562e+01,2.597582054138183594e+01
5.315999603271484375e+01,2.593362045288085938e+01
5.319999694824218750e+01,2.589143180847167969e+01
5.323999786376953125e+01,2.584925460815429688e+01
5.327999877929687500e+01,2.580709838867187500e+01
5.331999588012695312e+01,2.576668167114257812e+01
5.335999679565429688e+01,2.572627067565917969e+01
5.339999771118164062e+01,2.568587112426757812e+01
5.343999862670898438e+01,2.564548301696777344e+01
5.347999572753906250e+01,2.560510444641113281e+01
5.351999664306640625e+01,2.555355453491210938e+01
5.355999755859375000e+01,2.550203704833984375e+01
5.359999847412109375e+01,2.545056152343750000e+01
5.363999557495117188e+01,2.539912605285644531e+01
5.367999649047851562e+01,2.534772300720214844e+01
5.371999740600585938e+01,2.529546737670898438e+01
5.375999832153320312e+01,2.524325561523437500e+01
5.379999542236328125e+01,2.519108581542968750e+01
5.383999633789062500e+01,2.513895034790039062e+01
5.387999725341796875e+01,2.508686065673828125e+01
5.391999816894531250e+01,2.503565597534179688e+01
5.395999908447265625e+01,2.498448562622070312e+01
5.399999618530273438e+01,2.493124771118164062e+01
5.403999710083007812e+01,2.487591743469238281e+01
5.407999801635742188e+01,2.482063293457031250e+01
5.411999893188476562e+01,2.476900100708007812e+01
5.415999603271484375e+01,2.471740341186523438e+01
5.419999694824218750e+01,2.466581916809082031e+01
5.423999786376953125e+01,2.461426544189453125e+01
5.427999877929687500e+01,2.456273269653320312e+01
5.431999588012695312e+01,2.450833129882812500e+01
5.435999679565429688e+01,2.445395660400390625e+01
5.439999771118164062e+01,2.439962387084960938e+01
5.443999862670898438e+01,2.434533119201660156e+01
5.447999572753906250e+01,2.429107284545898438e+01
5.451999664306640625e+01,2.425160217285156250e+01
5.455999755859375000e+01,2.421215820312500000e+01
5.459999847412109375e+01,2.417275047302246094e+01
5.463999557495117188e+01,2.413337326049804688e+01
5.467999649047851562e+01,2.409402847290039062e+01
5.471999740600585938e+01,2.405485153198242188e+01
5.475999832153320312e+01,2.401570510864257812e+01
5.479999542236328125e+01,2.397659301757812500e+01
5.483999633789062500e+01,2.393750190734863281e+01
5.487999725341796875e+01,2.389844703674316406e+01
5.491999816894531250e+01,2.385951232910156250e+01
5.495999908447265625e+01,2.382061004638671875e+01
5.499999618530273438e+01,2.377214431762695312e+01
5.503999710083007812e+01,2.371410560607910156e+01
5.507999801635742188e+01,2.365610504150390625e+01
5.511999893188476562e+01,2.359806442260742188e+01
5.515999603271484375e+01,2.354006767272949219e+01
5.519999694824218750e+01,2.348210525512695312e+01
5.523999786376953125e+01,2.342418098449707031e+01
5.527999877929687500e+01,2.336630058288574219e+01
5.531999588012695312e+01,2.330842208862304688e+01
5.535999679565429688e+01,2.325057601928710938e+01
5.539999771118164062e+01,2.319277381896972656e+01
5.543999862670898438e+01,2.313501167297363281e+01
5.547999572753906250e+01,2.307729721069335938e+01
5.551999664306640625e+01,2.303773498535156250e+01
5.555999755859375000e+01,2.299820327758789062e+01
5.559999847412109375e+01,2.295870971679687500e+01
5.563999557495117188e+01,2.291924476623535156e+01
5.567999649047851562e+01,2.287981033325195312e+01
5.571999740600585938e+01,2.284119033813476562e+01
5.575999832153320312e+01,2.280259704589843750e+01
5.579999542236328125e+01,2.276403427124023438e+01
5.583999633789062500e+01,2.272549629211425781e+01
5.587999725341796875e+01,2.268699073791503906e+01
5.591999816894531250e+01,2.264809608459472656e+01
5.595999908447265625e+01,2.260923194885253906e+01
5.599999618530273438e+01,2.257907485961914062e+01
5.603999710083007812e+01,2.255760002136230469e+01
5.607999801635742188e+01,2.253613471984863281e+01
5.611999893188476562e+01,2.251426315307617188e+01
5.615999603271484375e+01,2.249240875244140625e+01
5.619999694824218750e+01,2.247055816650390625e+01
5.623999786376953125e+01,2.244872283935546875e+01
5.627999877929687500e+01,2.242689895629882812e+01
5.631999588012695312e+01,2.240545272827148438e+01
5.635999679565429688e+01,2.238401412963867188e+01
5.639999771118164062e+01,2.236258697509765625e+01
5.643999862670898438e+01,2.234117507934570312e+01
5.647999572753906250e+01,2.231976890563964844e+01
5.651999664306640625e+01,2.226338958740234375e+01
5.655999755859375000e+01,2.220704841613769531e+01
5.659999847412109375e+01,2.215077018737792969e+01
5.663999557495117188e+01,2.209455108642578125e+01
5.667999649047851562e+01,2.203837966918945312e+01
5.671999740600585938e+01,2.198287773132324219e+01
5.675999832153320312e+01,2.192741966247558594e+01
5.679999542236328125e+01,2.187202644348144531e+01
5.683999633789062500e+01,2.181667327880859375e+01
5.687999725341796875e+01,2.176137542724609375e+01
5.691999816894531250e+01,2.170574951171875000e+01
5.695999908447265625e+01,2.165018653869628906e+01
5.699999618530273438e+01,2.159356117248535156e+01
5.703999710083007812e+01,2.153587722778320312e+01
5.707999801635742188e+01,2.147823905944824219e+01
5.711999893188476562e+01,2.142113494873046875e+01
5.715999603271484375e+01,2.136408233642578125e+01
5.719999694824218750e+01,2.130706977844238281e+01
5.723999786376953125e+01,2.125010681152343750e+01
5.727999877929687500e+01,2.119318008422851562e+01
5.731999588012695312e+01,2.113687515258789062e+01
5.735999679565429688e+01,2.108059692382812500e+01
5.739999771118164062e+01,2.102436828613281250e+01
5.743999862670898438e+01,2.096818161010742188e+01
5.747999572753906250e+01,2.091203880310058594e+01
5.751999664306640625e+01,2.088242912292480469e+01
5.755999755859375000e+01,2.085285186767578125e+01
5.759999847412109375e+01,2.082329940795898438e+01
5.763999557495117188e+01,2.079377174377441406e+01
5.767999649047851562e+01,2.076426696777343750e+01
5.771999740600585938e+01,2.073607635498046875e+01
5.775999832153320312e+01,2.070791244506835938e+01
5.779999542236328125e+01,2.067976951599121094e+01
5.783999633789062500e+01,2.065164566040039062e+01
5.787999725341796875e+01,2.062353897094726562e+01
5.791999816894531250e+01,2.059482383728027344e+01
5.795999908447265625e+01,2.056612777709960938e+01
5.799999618530273438e+01,2.052666664123535156e+01
5.803999710083007812e+01,2.047643470764160156e+01
5.807999801635742188e+01,2.042625999450683594e+01
5.811999893188476562e+01,2.037559509277343750e+01
5.815999603271484375e+01,2.032499694824218750e+01
5.819999694824218750e+01,2.027444458007812500e+01
5.823999786376953125e+01,2.022394561767578125e+01
5.827999877929687500e+01,2.017350196838378906e+01
5.831999588012695312e+01,2.012433052062988281e+01
5.835999679565429688e+01,2.007520484924316406e+01
5.839999771118164062e+01,2.002612113952636719e+01
5.843999862670898438e+01,1.997709274291992188e+01
5.847999572753906250e+01,1.992811203002929688e+01
5.851999664306640625e+01,1.988976097106933594e+01
5.855999755859375000e+01,1.985145187377929688e+01
5.859999847412109375e+01,1.981318092346191406e+01
5.863999557495117188e+01,1.977495574951171875e+01
5.867999649047851562e+01,1.973676681518554688e+01
5.871999740600585938e+01,1.969893455505371094e+01
5.875999832153320312e+01,1.966114234924316406e+01
5.879999542236328125e+01,1.962339401245117188e+01
5.883999633789062500e+01,1.958568000793457031e+01
5.887999725341796875e+01,1.954800796508789062e+01
5.891999816894531250e+01,1.951024818420410156e+01
5.895999908447265625e+01,1.947252655029296875e+01
5.899999618530273438e+01,1.944104385375976562e+01
5.903999710083007812e+01,1.941576385498046875e+01
5.907999801635742188e+01,1.939050292968750000e+01
5.911999893188476562e+01,1.936510848999023438e+01
5.915999603271484375e+01,1.933973312377929688e+01
5.919999694824218750e+01,1.931437683105468750e+01
5.923999786376953125e+01,1.928903770446777344e+01
5.927999877929687500e+01,1.926371955871582031e+01
5.931999588012695312e+01,1.923873901367187500e+01
5.935999679565429688e+01,1.921377563476562500e+01
5.939999771118164062e+01,1.918883132934570312e+01
5.943999862670898438e+01,1.916389846801757812e+01
5.947999572753906250e+01,1.913899421691894531e+01
5.951999664306640625e+01,1.908027648925781250e+01
5.955999755859375000e+01,1.902163124084472656e+01
5.959999847412109375e+01,1.896306228637695312e+01
5.963999557495117188e+01,1.890457534790039062e+01
5.967999649047851562e+01,1.884615325927734375e+01
5.971999740600585938e+01,1.878766059875488281e+01
5.975999832153320312e+01,1.872924232482910156e+01
5.979999542236328125e+01,1.867090988159179688e+01
5.983999633789062500e+01,1.861264610290527344e+01
5.987999725341796875e+01,1.855445480346679688e+01
5.991999816894531250e+01,1.849650001525878906e+01
5.995999526977539062e+01,1.843861961364746094e+01
5.999999618530273438e+01,1.839484786987304688e+01
6.003999710083007812e+01,1.836515235900878906e+01
6.007999801635742188e+01,1.833547973632812500e+01
6.011999893188476562e+01,1.830596351623535156e+01
6.015999603271484375e+01,1.827647209167480469e+01
6.019999694824218750e+01,1.824700355529785156e+01
6.023999786376953125e+01,1.821755981445312500e+01
6.027999877929687500e+01,1.818813705444335938e+01
6.031999588012695312e+01,1.815800857543945312e+01
6.035999679565429688e+01,1.812790298461914062e+01
6.039999771118164062e+01,1.809782218933105469e+01
6.043999862670898438e+01,1.806776809692382812e+01
6.047999572753906250e+01,1.803773880004882812e+01
6.051999664306640625e+01,1.798165893554687500e+01
6.055999755859375000e+01,1.792565345764160156e+01
6.059999847412109375e+01,1.786973762512207031e+01
6.063999557495117188e+01,1.781391143798828125e+01
6.067999649047851562e+01,1.775816154479980469e+01
6.071999740600585938e+01,1.770216941833496094e+01
6.075999832153320312e+01,1.764626312255859375e+01
6.079999542236328125e+01,1.759045028686523438e+01
6.083999633789062500e+01,1.753471374511718750e+01
6.087999725341796875e+01,1.747906494140625000e+01
6.091999816894531250e+01,1.742338943481445312e+01
6.095999526977539062e+01,1.736780548095703125e+01
6.099999618530273438e+01,1.733606147766113281e+01
6.103999710083007812e+01,1.732809257507324219e+01
6.107999801635742188e+01,1.732011032104492188e+01
6.111999893188476562e+01,1.731194305419921875e+01
6.115999603271484375e+01,1.730375862121582031e+01
6.119999694824218750e+01,1.729555511474609375e+01
6.123999786376953125e+01,1.728733444213867188e+01
6.127999877929687500e+01,1.727909469604492188e+01
6.131999588012695312e+01,1.727098274230957031e+01
6.135999679565429688e+01,1.726285171508789062e+01
6.139999771118164062e+01,1.725470352172851562e+01
6.143999862670898438e+01,1.724653625488281250e+01
6.147999572753906250e+01,1.723834800720214844e+01
6.151999664306640625e+01,1.718220710754394531e+01
6.155999755859375000e+01,1.712615394592285156e+01
6.159999847412109375e+01,1.707018852233886719e+01
6.163999557495117188e+01,1.701432037353515625e+01
6.167999649047851562e+01,1.695853424072265625e+01
6.171999740600585938e+01,1.690272331237792969e+01
6.175999832153320312e+01,1.684700393676757812e+01
6.179999542236328125e+01,1.679138183593750000e+01
6.183999633789062500e+01,1.673584365844726562e+01
6.187999725341796875e+01,1.668039703369140625e+01
6.191999816894531250e+01,1.662485885620117188e+01
6.195999526977539062e+01,1.656941986083984375e+01
6.199999618530273438e+01,1.652394866943359375e+01
6.203999710083007812e+01,1.648842239379882812e+01
6.207999801635742188e+01,1.645293998718261719e+01
6.211999893188476562e+01,1.641765403747558594e+01
6.215999603271484375e+01,1.638240814208984375e+01
6.219999694824218750e+01,1.634720420837402344e+01
6.223999786376953125e+01,1.631204605102539062e+01
6.227999877929687500e+01,1.627693367004394531e+01
6.231999588012695312e+01,1.624198150634765625e+01
6.235999679565429688e+01,1.620706176757812500e+01
6.239999771118164062e+01,1.617219161987304688e+01
6.243999862670898438e+01,1.613736724853515625e+01
6.247999572753906250e+01,1.610258865356445312e+01
6.251999664306640625e+01,1.605175781250000000e+01
6.255999755859375000e+01,1.600100517272949219e+01
6.259999847412109375e+01,1.595032501220703125e+01
6.263999557495117188e+01,1.589973354339599609e+01
6.267999649047851562e+01,1.584920597076416016e+01
6.271999740600585938e+01,1.579880142211914062e+01
6.275999832153320312e+01,1.574847602844238281e+01
6.279999542236328125e+01,1.569822597503662109e+01
6.283999633789062500e+01,1.564805221557617188e+01
6.287999725341796875e+01,1.559795379638671875e+01
6.291999816894531250e+01,1.554787826538085938e+01
6.295999526977539062e+01,1.549788093566894531e+01
6.299999618530273438e+01,1.545960712432861328e+01
6.303999710083007812e+01,1.543302345275878906e+01
6.307999801635742188e+01,1.540646553039550781e+01
6.311999893188476562e+01,1.537998390197753906e+01
6.315999603271484375e+01,1.535353565216064453e+01
6.319999694824218750e+01,1.532710742950439453e+01
6.323999786376953125e+01,1.530070877075195312e+01
6.327999877929687500e+01,1.527433681488037109e+01
6.331999588012695312e+01,1.524790573120117188e+01
6.335999679565429688e+01,1.522150707244873047e+01
6.339999771118164062e+01,1.519512844085693359e+01
6.343999862670898438e+01,1.516877937316894531e+01
6.347999572753906250e+01,1.514246082305908203e+01
6.351999664306640625e+01,1.511247062683105469e+01
6.355999755859375000e+01,1.508251857757568359e+01
6.359999847412109375e+01,1.505259990692138672e+01
6.363999557495117188e+01,1.502271842956542969e+01
6.367999649047851562e+01,1.499287033081054688e+01
6.371999740600585938e+01,1.496282577514648438e+01
6.375999832153320312e+01,1.493281555175781250e+01
6.379999542236328125e+01,1.490284347534179688e+01
6.383999633789062500e+01,1.487290477752685547e+01
6.387999725341796875e+01,1.484300327301025391e+01
6.391999816894531250e+01,1.481334114074707031e+01
6.395999526977539062e+01,1.478371143341064453e+01
6.399999618530273438e+01,1.475285720825195312e+01
6.404000091552734375e+01,1.472077369689941406e+01
6.408000183105468750e+01,1.468873023986816406e+01
6.412000274658203125e+01,1.465687561035156250e+01
6.415999603271484375e+01,1.462506866455078125e+01
6.419999694824218750e+01,1.459329319000244141e+01
6.423999786376953125e+01,1.456155586242675781e+01
6.427999877929687500e+01,1.452985382080078125e+01
6.431999969482421875e+01,1.449846076965332031e+01
6.436000061035156250e+01,1.446710395812988281e+01
6.440000152587890625e+01,1.443577957153320312e+01
6.444000244140625000e+01,1.440449619293212891e+01
6.447999572753906250e+01,1.437325286865234375e+01
6.451999664306640625e+01,1.434905338287353516e+01
6.455999755859375000e+01,1.432487869262695312e+01
6.459999847412109375e+01,1.430072879791259766e+01
6.463999938964843750e+01,1.427660751342773438e+01
6.468000030517578125e+01,1.425251007080078125e+01
6.472000122070312500e+01,1.422874069213867188e+01
6.476000213623046875e+01,1.420499610900878906e+01
6.479999542236328125e+01,1.418128013610839844e+01
6.483999633789062500e+01,1.415758228302001953e+01
6.487999725341796875e+01,1.413391685485839844e+01
6.491999816894531250e+01,1.411036205291748047e+01
6.495999908447265625e+01,1.408684158325195312e+01
6.500000000000000000e+01,1.406402683258056641e+01
6.504000091552734375e+01,1.404192924499511719e+01
6.508000183105468750e+01,1.401984882354736328e+01
6.512000274658203125e+01,1.399773788452148438e+01
6.515999603271484375e+01,1.397564792633056641e+01
6.519999694824218750e+01,1.395357894897460938e+01
6.523999786376953125e+01,1.393153381347656250e+01
6.527999877929687500e+01,1.390950679779052734e+01
6.531999969482421875e+01,1.388759422302246094e+01
6.536000061035156250e+01,1.386570549011230469e+01
6.540000152587890625e+01,1.384383773803710938e+01
6.544000244140625000e+01,1.382199192047119141e+01
6.547999572753906250e+01,1.380016994476318359e+01
6.551999664306640625e+01,1.374531364440917969e+01
6.555999755859375000e+01,1.369052886962890625e+01
6.559999847412109375e+01,1.363583183288574219e+01
6.563999938964843750e+01,1.358121299743652344e+01
6.568000030517578125e+01,1.352668285369873047e+01
6.571999359130859375e+01,1.347234153747558594e+01
6.575999450683593750e+01,1.341806602478027344e+01
6.579999542236328125e+01,1.336387729644775391e+01
6.583999633789062500e+01,1.330976867675781250e+01
6.587999725341796875e+01,1.325574302673339844e+01
6.591999816894531250e+01,1.320173263549804688e+01
6.595999908447265625e+01,1.314781188964843750e+01
6.600000000000000000e+01,1.310500907897949219e+01
6.603999328613281250e+01,1.307330513000488281e+01
6.607999420166015625e+01,1.304163455963134766e+01
6.611999511718750000e+01,1.301010513305664062e+01
6.615999603271484375e+01,1.297861766815185547e+01
6.619999694824218750e+01,1.294716835021972656e+01
6.623999786376953125e+01,1.291575717926025391e+01
6.627999877929687500e+01,1.288438701629638672e+01
6.631999969482421875e+01,1.285316085815429688e+01
6.636000061035156250e+01,1.282197666168212891e+01
6.639999389648437500e+01,1.279083633422851562e+01
6.643999481201171875e+01,1.275972843170166016e+01
6.647999572753906250e+01,1.272866249084472656e+01
6.651999664306640625e+01,1.270309448242187500e+01
6.655999755859375000e+01,1.267756080627441406e+01
6.659999847412109375e+01,1.265206336975097656e+01
6.663999938964843750e+01,1.262658882141113281e+01
6.668000030517578125e+01,1.260115242004394531e+01
6.671999359130859375e+01,1.257595348358154297e+01
6.675999450683593750e+01,1.255078697204589844e+01
6.679999542236328125e+01,1.252564716339111328e+01
6.683999633789062500e+01,1.250053787231445312e+01
6.687999725341796875e+01,1.247545909881591797e+01
6.691999816894531250e+01,1.245050430297851562e+01
6.695999908447265625e+01,1.242558097839355469e+01
6.700000000000000000e+01,1.240318298339843750e+01
6.703999328613281250e+01,1.238330268859863281e+01
6.707999420166015625e+01,1.236343097686767578e+01
6.711999511718750000e+01,1.234360790252685547e+01
6.715999603271484375e+01,1.232379436492919922e+01
6.719999694824218750e+01,1.230398368835449219e+01
6.723999786376953125e+01,1.228418254852294922e+01
6.727999877929687500e+01,1.226438236236572266e+01
6.731999969482421875e+01,1.224462604522705078e+01
6.736000061035156250e+01,1.222486972808837891e+01
6.739999389648437500e+01,1.220512485504150391e+01
6.743999481201171875e+01,1.218538475036621094e+01
6.747999572753906250e+01,1.216564369201660156e+01
6.751999664306640625e+01,1.212078571319580078e+01
6.755999755859375000e+01,1.207602691650390625e+01
6.759999847412109375e+01,1.203137683868408203e+01
6.763999938964843750e+01,1.198682785034179688e+01
6.768000030517578125e+01,1.194238853454589844e+01
6.771999359130859375e+01,1.189839076995849609e+01
6.775999450683593750e+01,1.185448551177978516e+01
6.779999542236328125e+01,1.181068420410156250e+01
6.783999633789062500e+01,1.176698493957519531e+01
6.787999725341796875e+01,1.172339057922363281e+01
6.791999816894531250e+01,1.167952823638916016e+01
6.795999908447265625e+01,1.163577270507812500e+01
6.800000000000000000e+01,1.159440517425537109e+01
6.803999328613281250e+01,1.155539798736572266e+01
6.807999420166015625e+01,1.151642608642578125e+01
6.811999511718750000e+01,1.147755813598632812e+01
6.815999603271484375e+01,1.143873977661132812e+01
6.819999694824218750e+01,1.139996719360351562e+01
6.823999786376953125e+01,1.136124229431152344e+01
6.827999877929687500e+01,1.132256698608398438e+01
6.831999969482421875e+01,1.128362083435058594e+01
6.836000061035156250e+01,1.124472904205322266e+01
6.839999389648437500e+01,1.120588970184326172e+01
6.843999481201171875e+01,1.116709327697753906e+01
6.847999572753906250e+01,1.112834548950195312e+01
6.851999664306640625e+01,1.110926437377929688e+01
6.855999755859375000e+01,1.109020233154296875e+01
6.859999847412109375e+01,1.107115173339843750e+01
6.863999938964843750e+01,1.105212116241455078e+01
6.868000030517578125e+01,1.103310203552246094e+01
6.871999359130859375e+01,1.101366996765136719e+01
6.875999450683593750e+01,1.099425411224365234e+01
6.879999542236328125e+01,1.097485256195068359e+01
6.883999633789062500e+01,1.095546722412109375e+01
6.887999725341796875e+01,1.093609905242919922e+01
6.891999816894531250e+01,1.091711139678955078e+01
6.895999908447265625e+01,1.089813709259033203e+01
6.900000000000000000e+01,1.087070846557617188e+01
6.903999328613281250e+01,1.083481979370117188e+01
6.907999420166015625e+01,1.079892349243164062e+01
6.911999511718750000e+01,1.076284313201904297e+01
6.915999603271484375e+01,1.072676467895507812e+01
6.919999694824218750e+01,1.069068908691406250e+01
6.923999786376953125e+01,1.065461730957031250e+01
6.927999877929687500e+01,1.061854553222656250e+01
6.931999969482421875e+01,1.058248519897460938e+01
6.936000061035156250e+01,1.054642677307128906e+01
6.939999389648437500e+01,1.051037883758544922e+01
6.943999481201171875e+01,1.047432613372802734e+01
6.947999572753906250e+01,1.043827629089355469e+01
6.951999664306640625e+01,1.039109325408935547e+01
6.955999755859375000e+01,1.036073303222656250e+01
6.959999847412109375e+01,1.033040046691894531e+01
6.963999938964843750e+01,1.030008983612060547e+01
6.968000030517578125e+01,1.026980400085449219e+01
6.971999359130859375e+01,1.023958587646484375e+01
6.975999450683593750e+01,1.020938587188720703e+01
6.979999542236328125e+01,1.017921352386474609e+01
6.983999633789062500e+01,1.014906311035156250e+01
6.987999725341796875e+01,1.011893749237060547e+01
6.991999816894531250e+01,1.008873176574707031e+01
6.995999908447265625e+01,1.005855083465576172e+01
7.000000000000000000e+01,1.003454017639160156e+01
7.003999328613281250e+01,1.001669502258300781e+01
7.007999420166015625e+01,9.998865127563476562e+00
7.011999511718750000e+01,9.981021881103515625e+00
7.015999603271484375e+01,9.963191986083984375e+00
7.019999694824218750e+01,9.945378303527832031e+00
7.023999786376953125e+01,9.927581787109375000e+00
7.027999877929687500e+01,9.909799575805664062e+00
7.031999969482421875e+01,9.892410278320312500e+00
7.036000061035156250e+01,9.875034332275390625e+00
7.039999389648437500e+01,9.857674598693847656e+00
7.043999481201171875e+01,9.840327262878417969e+00
7.047999572753906250e+01,9.822991371154785156e+00
7.051999664306640625e+01,9.781339645385742188e+00
7.055999755859375000e+01,9.739727020263671875e+00
7.059999847412109375e+01,9.698163986206054688e+00
7.063999938964843750e+01,9.656643867492675781e+00
7.068000030517578125e+01,9.615170478820800781e+00
7.071999359130859375e+01,9.573927879333496094e+00
7.075999450683593750e+01,9.532720565795898438e+00
7.079999542236328125e+01,9.491559982299804688e+00
7.083999633789062500e+01,9.450441360473632812e+00
7.087999725341796875e+01,9.409369468688964844e+00
7.091999816894531250e+01,9.368893623352050781e+00
7.095999908447265625e+01,9.328458786010742188e+00
7.100000000000000000e+01,9.305345535278320312e+00
7.103999328613281250e+01,9.299531936645507812e+00
7.107999420166015625e+01,9.293715476989746094e+00
7.111999511718750000e+01,9.286979675292968750e+00
7.115999603271484375e+01,9.280241012573242188e+00
7.119999694824218750e+01,9.273506164550781250e+00
7.123999786376953125e+01,9.266769409179687500e+00
7.127999877929687500e+01,9.260033607482910156e+00
7.131999969482421875e+01,9.253728866577148438e+00
7.136000061035156250e+01,9.247426033020019531e+00
7.139999389648437500e+01,9.241125106811523438e+00
7.143999481201171875e+01,9.234819412231445312e+00
7.147999572753906250e+01,9.228513717651367188e+00
7.151999664306640625e+01,9.219369888305664062e+00
7.155999755859375000e+01,9.210227012634277344e+00
7.159999847412109375e+01,9.201087951660156250e+00
7.163999938964843750e+01,9.191953659057617188e+00
7.168000030517578125e+01,9.182821273803710938e+00
7.171999359130859375e+01,9.173756599426269531e+00
7.175999450683593750e+01,9.164691925048828125e+00
7.179999542236328125e+01,9.155632019042968750e+00
7.183999633789062500e+01,9.146576881408691406e+00
7.187999725341796875e+01,9.137522697448730469e+00
7.191999816894531250e+01,9.128376007080078125e+00
7.195999908447265625e+01,9.119233131408691406e+00
7.200000000000000000e+01,9.106315612792968750e+00
7.203999328613281250e+01,9.089628219604492188e+00
7.207999420166015625e+01,9.072948455810546875e+00
7.211999511718750000e+01,9.056326866149902344e+00
7.215999603271484375e+01,9.039716720581054688e+00
7.219999694824218750e+01,9.023117065429687500e+00
7.223999786376953125e+01,9.006527900695800781e+00
7.227999877929687500e+01,8.989948272705078125e+00
7.231999969482421875e+01,8.973439216613769531e+00
7.236000061035156250e+01,8.956939697265625000e+00
7.239999389648437500e+01,8.940453529357910156e+00
7.243999481201171875e+01,8.923974990844726562e+00
7.247999572753906250e+01,8.907505989074707031e+00
7.251999664306640625e+01,8.890162467956542969e+00
7.255999755859375000e+01,8.872833251953125000e+00
7.259999847412109375e+01,8.855519294738769531e+00
7.263999938964843750e+01,8.838216781616210938e+00
7.268000030517578125e+01,8.820931434631347656e+00
7.271999359130859375e+01,8.804935455322265625e+00
7.275999450683593750e+01,8.788944244384765625e+00
7.279999542236328125e+01,8.772964477539062500e+00
7.283999633789062500e+01,8.756994247436523438e+00
7.287999725341796875e+01,8.741031646728515625e+00
7.291999816894531250e+01,8.724175453186035156e+00
7.295999908447265625e+01,8.707330703735351562e+00
7.300000000000000000e+01,8.690080642700195312e+00
7.303999328613281250e+01,8.672428131103515625e+00
7.307999420166015625e+01,8.654783248901367188e+00
7.311999511718750000e+01,8.635693550109863281e+00
7.315999603271484375e+01,8.616620063781738281e+00
7.319999694824218750e+01,8.597566604614257812e+00
7.323999786376953125e+01,8.578531265258789062e+00
7.327999877929687500e+01,8.559514999389648438e+00
7.331999969482421875e+01,8.541772842407226562e+00
7.336000061035156250e+01,8.524045944213867188e+00
7.339999389648437500e+01,8.506334304809570312e+00
7.343999481201171875e+01,8.488632202148437500e+00
7.347999572753906250e+01,8.470946311950683594e+00
7.351999664306640625e+01,8.453178405761718750e+00
7.355999755859375000e+01,8.435422897338867188e+00
7.359999847412109375e+01,8.417682647705078125e+00
7.363999938964843750e+01,8.399953842163085938e+00
7.368000030517578125e+01,8.382241249084472656e+00
7.371999359130859375e+01,8.364516258239746094e+00
7.375999450683593750e+01,8.346801757812500000e+00
7.379999542236328125e+01,8.329099655151367188e+00
7.383999633789062500e+01,8.311412811279296875e+00
7.387999725341796875e+01,8.293740272521972656e+00
7.391999816894531250e+01,8.276471138000488281e+00
7.395999908447265625e+01,8.259214401245117188e+00
7.400000000000000000e+01,8.242683410644531250e+00
7.403999328613281250e+01,8.226879119873046875e+00
7.407999420166015625e+01,8.211080551147460938e+00
7.411999511718750000e+01,8.195430755615234375e+00
7.415999603271484375e+01,8.179788589477539062e+00
7.419999694824218750e+01,8.164155960083007812e+00
7.423999786376953125e+01,8.148533821105957031e+00
7.427999877929687500e+01,8.132923126220703125e+00
7.431999969482421875e+01,8.115921974182128906e+00
7.436000061035156250e+01,8.098938941955566406e+00
7.439999389648437500e+01,8.081972122192382812e+00
7.443999481201171875e+01,8.065018653869628906e+00
7.447999572753906250e+01,8.048079490661621094e+00
7.451999664306640625e+01,8.032230377197265625e+00
7.455999755859375000e+01,8.016386985778808594e+00
7.459999847412109375e+01,8.000549316406250000e+00
7.463999938964843750e+01,7.984716892242431641e+00
7.468000030517578125e+01,7.968892097473144531e+00
7.471999359130859375e+01,7.950825214385986328e+00
7.475999450683593750e+01,7.932769775390625000e+00
7.479999542236328125e+01,7.914731979370117188e+00
7.483999633789062500e+01,7.896707534790039062e+00
7.487999725341796875e+01,7.878700256347656250e+00
7.491999816894531250e+01,7.861921310424804688e+00
7.495999908447265625e+01,7.845154762268066406e+00
7.500000000000000000e+01,7.832926750183105469e+00
7.503999328613281250e+01,7.825235366821289062e+00
7.507999420166015625e+01,7.817544460296630859e+00
7.511999511718750000e+01,7.809709548950195312e+00
7.515999603271484375e+01,7.801877975463867188e+00
7.519999694824218750e+01,7.794048786163330078e+00
7.523999786376953125e+01,7.786222934722900391e+00
7.527999877929687500e+01,7.778399944305419922e+00
7.531999969482421875e+01,7.771426200866699219e+00
7.536000061035156250e+01,7.764452934265136719e+00
7.539999389648437500e+01,7.757483005523681641e+00
7.543999481201171875e+01,7.750512123107910156e+00
7.547999572753906250e+01,7.743543148040771484e+00
7.551999664306640625e+01,7.740400314331054688e+00
7.555999755859375000e+01,7.737257957458496094e+00
7.559999847412109375e+01,7.734117031097412109e+00
7.563999938964843750e+01,7.730975627899169922e+00
7.568000030517578125e+01,7.727832794189453125e+00
7.571999359130859375e+01,7.725573062896728516e+00
7.575999450683593750e+01,7.723309516906738281e+00
7.579999542236328125e+01,7.721047878265380859e+00
7.583999633789062500e+01,7.718784809112548828e+00
7.587999725341796875e+01,7.716520309448242188e+00
7.591999816894531250e+01,7.715126037597656250e+00
7.595999908447265625e+01,7.713730335235595703e+00
7.600000000000000000e+01,7.704928398132324219e+00
7.603999328613281250e+01,7.688722133636474609e+00
7.607999420166015625e+01,7.672520637512207031e+00
7.611999511718750000e+01,7.654910087585449219e+00
7.615999603271484375e+01,7.637310981750488281e+00
7.619999694824218750e+01,7.619724750518798828e+00
7.623999786376953125e+01,7.602149009704589844e+00
7.627999877929687500e+01,7.584587097167968750e+00
7.631999969482421875e+01,7.568637371063232422e+00
7.636000061035156250e+01,7.552691936492919922e+00
7.639999389648437500e+01,7.536754131317138672e+00
7.643999481201171875e+01,7.520820140838623047e+00
7.647999572753906250e+01,7.504889965057373047e+00
7.651999664306640625e+01,7.488189220428466797e+00
7.655999755859375000e+01,7.471499443054199219e+00
7.659999847412109375e+01,7.454820632934570312e+00
7.663999938964843750e+01,7.438149452209472656e+00
7.668000030517578125e+01,7.421489238739013672e+00
7.671999359130859375e+01,7.404607295989990234e+00
7.675999450683593750e+01,7.387732505798339844e+00
7.679999542236328125e+01,7.370869636535644531e+00
7.683999633789062500e+01,7.354017734527587891e+00
7.687999725341796875e+01,7.337177276611328125e+00
7.691999816894531250e+01,7.319815158843994141e+00
7.695999908447265625e+01,7.302465438842773438e+00
7.700000000000000000e+01,7.243604183197021484e+00
7.703999328613281250e+01,7.143746376037597656e+00
7.707999420166015625e+01,7.044544219970703125e+00
7.711999511718750000e+01,6.947490692138671875e+00
7.715999603271484375e+01,6.851079940795898438e+00
7.719999694824218750e+01,6.755262374877929688e+00
7.723999786376953125e+01,6.660084724426269531e+00
7.727999877929687500e+01,6.565499782562255859e+00
7.731999969482421875e+01,6.470290660858154297e+00
7.735999298095703125e+01,6.375740528106689453e+00
7.739999389648437500e+01,6.281809806823730469e+00
7.743999481201171875e+01,6.188553810119628906e+00
7.747999572753906250e+01,6.095922946929931641e+00
7.751999664306640625e+01,6.010649204254150391e+00
7.755999755859375000e+01,5.925845146179199219e+00
7.759999847412109375e+01,5.841558933258056641e+00
7.763999938964843750e+01,5.757741928100585938e+00
7.768000030517578125e+01,5.674439907073974609e+00
7.771999359130859375e+01,5.591387748718261719e+00
7.775999450683593750e+01,5.508809089660644531e+00
7.779999542236328125e+01,5.426750183105468750e+00
7.783999633789062500e+01,5.345166683197021484e+00
7.787999725341796875e+01,5.264102935791015625e+00
7.791999816894531250e+01,5.182506561279296875e+00
7.795999908447265625e+01,5.101460456848144531e+00
7.800000000000000000e+01,4.988452911376953125e+00
7.803999328613281250e+01,4.844688892364501953e+00
7.807999420166015625e+01,4.702974319458007812e+00
7.811999511718750000e+01,4.564452171325683594e+00
7.815999603271484375e+01,4.427947044372558594e+00
7.819999694824218750e+01,4.293416023254394531e+00
7.823999786376953125e+01,4.160899639129638672e+00
7.827999877929687500e+01,4.030363082885742188e+00
7.831999969482421875e+01,3.901071548461914062e+00
7.835999298095703125e+01,3.773828029632568359e+00
7.839999389648437500e+01,3.517655849456787109e+00
7.843999481201171875e+01,3.211884975433349609e+00
7.847999572753906250e+01,2.911898374557495117e+00
7.851999664306640625e+01,2.705411911010742188e+00
7.855999755859375000e+01,2.503100633621215820e+00
7.859999847412109375e+01,2.303020954132080078e+00
7.863999938964843750e+01,2.106140375137329102e+00
7.868000030517578125e+01,1.915285825729370117e+00
7.871999359130859375e+01,1.729190826416015625e+00
7.875999450683593750e+01,1.546828269958496094e+00
7.879999542236328125e+01,1.368595123291015625e+00
7.883999633789062500e+01,1.194613456726074219e+00
7.887999725341796875e+01,1.024839520454406738e+00
7.891999816894531250e+01,8.593515753746032715e-01
7.895999908447265625e+01,6.981131434440612793e-01
7.900000000000000000e+01,6.347221136093139648e-01
7.903999328613281250e+01,6.654864549636840820e-01
7.907999420166015625e+01,6.955645084381103516e-01
7.911999511718750000e+01,7.248040437698364258e-01
7.915999603271484375e+01,7.533307075500488281e-01
7.919999694824218750e+01,7.811716198921203613e-01
7.923999786376953125e+01,8.083002567291259766e-01
7.927999877929687500e+01,8.347433209419250488e-01
7.931999969482421875e+01,8.607279062271118164e-01
7.935999298095703125e+01,8.860306143760681152e-01
7.939999389648437500e+01,9.106605052947998047e-01
7.943999481201171875e+01,9.345927238464355469e-01
7.947999572753906250e+01,9.578524827957153320e-01
7.951999664306640625e+01,9.890075325965881348e-01
7.955999755859375000e+01,1.020066976547241211e+00
7.959999847412109375e+01,1.051004528999328613e+00
7.963999938964843750e+01,1.081844925880432129e+00
7.968000030517578125e+01,1.112563490867614746e+00
7.971999359130859375e+01,1.143227100372314453e+00
7.975999450683593750e+01,1.173796534538269043e+00
7.979999542236328125e+01,1.204247713088989258e+00
7.983999633789062500e+01,1.234605193138122559e+00
7.987999725341796875e+01,1.264844179153442383e+00
7.991999816894531250e+01,1.294960021972656250e+00
7.995999908447265625e+01,1.324956417083740234e+00
8.000000000000000000e+01,0.000000000000000000e+00
8.003999328613281250e+01,0.000000000000000000e+00
8.007999420166015625e+01,0.000000000000000000e+00
8.011999511718750000e+01,0.000000000000000000e+00
8.015999603271484375e+01,0.000000000000000000e+00
8.019999694824218750e+01,0.000000000000000000e+00
8.023999786376953125e+01,0.000000000000000000e+00
8.027999877929687500e+01,0.000000000000000000e+00
8.031999969482421875e+01,0.000000000000000000e+00
8.035999298095703125e+01,0.000000000000000000e+00
8.039999389648437500e+01,0.000000000000000000e+00
8.043999481201171875e+01,0.000000000000000000e+00
8.047999572753906250e+01,0.000000000000000000e+00
8.051999664306640625e+01,0.000000000000000000e+00
8.055999755859375000e+01,0.000000000000000000e+00
8.059999847412109375e+01,0.000000000000000000e+00
8.063999938964843750e+01,0.000000000000000000e+00
8.068000030517578125e+01,0.000000000000000000e+00
8.071999359130859375e+01,0.000000000000000000e+00
8.075999450683593750e+01,0.000000000000000000e+00
8.079999542236328125e+01,0.000000000000000000e+00
8.083999633789062500e+01,0.000000000000000000e+00
8.087999725341796875e+01,0.000000000000000000e+00
8.091999816894531250e+01,0.000000000000000000e+00
8.095999908447265625e+01,0.000000000000000000e+00
8.100000000000000000e+01,0.000000000000000000e+00
8.103999328613281250e+01,0.000000000000000000e+00
8.107999420166015625e+01,0.000000000000000000e+00
8.111999511718750000e+01,0.000000000000000000e+00
8.115999603271484375e+01,0.000000000000000000e+00
8.119999694824218750e+01,0.000000000000000000e+00
8.123999786376953125e+01,0.000000000000000000e+00
8.127999877929687500e+01,0.000000000000000000e+00
8.131999969482421875e+01,0.000000000000000000e+00
8.135999298095703125e+01,0.000000000000000000e+00
8.139999389648437500e+01,0.000000000000000000e+00
8.143999481201171875e+01,0.000000000000000000e+00
8.147999572753906250e+01,0.000000000000000000e+00
8.151999664306640625e+01,0.000000000000000000e+00
8.155999755859375000e+01,0.000000000000000000e+00
8.159999847412109375e+01,0.000000000000000000e+00
8.163999938964843750e+01,0.000000000000000000e+00
8.168000030517578125e+01,0.000000000000000000e+00
8.171999359130859375e+01,0.000000000000000000e+00
8.175999450683593750e+01,0.000000000000000000e+00
8.179999542236328125e+01,0.000000000000000000e+00
8.183999633789062500e+01,0.000000000000000000e+00
8.187999725341796875e+01,0.000000000000000000e+00
8.191999816894531250e+01,0.000000000000000000e+00
8.195999908447265625e+01,0.000000000000000000e+00
8.200000000000000000e+01,0.000000000000000000e+00
8.203999328613281250e+01,0.000000000000000000e+00
8.207999420166015625e+01,0.000000000000000000e+00
8.211999511718750000e+01,0.000000000000000000e+00
8.215999603271484375e+01,0.000000000000000000e+00
8.219999694824218750e+01,0.000000000000000000e+00
8.223999786376953125e+01,0.000000000000000000e+00
8.227999877929687500e+01,0.000000000000000000e+00
8.231999969482421875e+01,0.000000000000000000e+00
8.235999298095703125e+01,0.000000000000000000e+00
8.239999389648437500e+01,0.000000000000000000e+00
8.243999481201171875e+01,0.000000000000000000e+00
8.247999572753906250e+01,0.000000000000000000e+00
8.251999664306640625e+01,0.000000000000000000e+00
8.255999755859375000e+01,0.000000000000000000e+00
8.259999847412109375e+01,0.000000000000000000e+00
8.263999938964843750e+01,0.000000000000000000e+00
8.268000030517578125e+01,0.000000000000000000e+00
8.271999359130859375e+01,0.000000000000000000e+00
8.275999450683593750e+01,0.000000000000000000e+00
8.279999542236328125e+01,0.000000000000000000e+00
8.283999633789062500e+01,0.000000000000000000e+00
8.287999725341796875e+01,0.000000000000000000e+00
8.291999816894531250e+01,0.000000000000000000e+00
8.295999908447265625e+01,0.000000000000000000e+00
8.300000000000000000e+01,0.000000000000000000e+00
8.303999328613281250e+01,0.000000000000000000e+00
8.307999420166015625e+01,0.000000000000000000e+00
8.311999511718750000e+01,0.000000000000000000e+00
8.315999603271484375e+01,0.000000000000000000e+00
8.319999694824218750e+01,0.000000000000000000e+00
8.323999786376953125e+01,0.000000000000000000e+00
8.327999877929687500e+01,0.000000000000000000e+00
8.331999969482421875e+01,0.000000000000000000e+00
8.335999298095703125e+01,0.000000000000000000e+00
8.339999389648437500e+01,0.000000000000000000e+00
8.343999481201171875e+01,0.000000000000000000e+00
8.347999572753906250e+01,0.000000000000000000e+00
8.351999664306640625e+01,0.000000000000000000e+00
8.355999755859375000e+01,0.000000000000000000e+00
8.359999847412109375e+01,0.000000000000000000e+00
8.363999938964843750e+01,0.000000000000000000e+00
8.368000030517578125e+01,0.000000000000000000e+00
8.371999359130859375e+01,0.000000000000000000e+00
8.375999450683593750e+01,0.000000000000000000e+00
8.379999542236328125e+01,0.000000000000000000e+00
8.383999633789062500e+01,0.000000000000000000e+00
8.387999725341796875e+01,0.000000000000000000e+00
8.391999816894531250e+01,0.000000000000000000e+00
8.395999908447265625e+01,0.000000000000000000e+00
8.400000000000000000e+01,0.000000000000000000e+00
8.403999328613281250e+01,0.000000000000000000e+00
8.407999420166015625e+01,0.000000000000000000e+00
8.411999511718750000e+01,0.000000000000000000e+00
8.415999603271484375e+01,0.000000000000000000e+00
8.419999694824218750e+01,0.000000000000000000e+00
8.423999786376953125e+01,0.000000000000000000e+00
8.427999877929687500e+01,0.000000000000000000e+00
8.431999969482421875e+01,0.000000000000000000e+00
8.435999298095703125e+01,0.000000000000000000e+00
8.439999389648437500e+01,0.000000000000000000e+00
8.443999481201171875e+01,0.000000000000000000e+00
8.447999572753906250e+01,0.000000000000000000e+00
8.451999664306640625e+01,0.000000000000000000e+00
8.455999755859375000e+01,0.000000000000000000e+00
8.459999847412109375e+01,0.000000000000000000e+00
8.463999938964843750e+01,0.000000000000000000e+00
8.468000030517578125e+01,0.000000000000000000e+00
8.471999359130859375e+01,0.000000000000000000e+00
8.475999450683593750e+01,0.000000000000000000e+00
8.479999542236328125e+01,0.000000000000000000e+00
8.483999633789062500e+01,0.000000000000000000e+00
8.487999725341796875e+01,0.000000000000000000e+00
8.491999816894531250e+01,0.000000000000000000e+00
8.495999908447265625e+01,0.000000000000000000e+00
8.500000000000000000e+01,0.000000000000000000e+00
8.503999328613281250e+01,0.000000000000000000e+00
8.507999420166015625e+01,0.000000000000000000e+00
8.511999511718750000e+01,0.000000000000000000e+00
8.515999603271484375e+01,0.000000000000000000e+00
8.519999694824218750e+01,0.000000000000000000e+00
8.523999786376953125e+01,0.000000000000000000e+00
8.527999877929687500e+01,0.000000000000000000e+00
8.531999969482421875e+01,0.000000000000000000e+00
8.535999298095703125e+01,0.000000000000000000e+00
8.539999389648437500e+01,0.000000000000000000e+00
8.543999481201171875e+01,0.000000000000000000e+00
8.547999572753906250e+01,0.000000000000000000e+00
8.551999664306640625e+01,0.000000000000000000e+00
8.555999755859375000e+01,0.000000000000000000e+00
8.559999847412109375e+01,0.000000000000000000e+00
8.563999938964843750e+01,0.000000000000000000e+00
8.568000030517578125e+01,0.000000000000000000e+00
8.571999359130859375e+01,0.000000000000000000e+00
8.575999450683593750e+01,0.000000000000000000e+00
8.579999542236328125e+01,0.000000000000000000e+00
8.583999633789062500e+01,0.000000000000000000e+00
8.587999725341796875e+01,0.000000000000000000e+00
8.591999816894531250e+01,0.000000000000000000e+00
8.595999908447265625e+01,0.000000000000000000e+00
8.600000000000000000e+01,0.000000000000000000e+00
8.603999328613281250e+01,0.000000000000000000e+00
8.607999420166015625e+01,0.000000000000000000e+00
8.611999511718750000e+01,0.000000000000000000e+00
8.615999603271484375e+01,0.000000000000000000e+00
8.619999694824218750e+01,0.000000000000000000e+00
8.623999786376953125e+01,0.000000000000000000e+00
8.627999877929687500e+01,0.000000000000000000e+00
8.631999969482421875e+01,0.000000000000000000e+00
8.635999298095703125e+01,0.000000000000000000e+00
8.639999389648437500e+01,0.000000000000000000e+00
8.643999481201171875e+01,0.000000000000000000e+00
8.647999572753906250e+01,0.000000000000000000e+00
8.651999664306640625e+01,0.000000000000000000e+00
8.655999755859375000e+01,0.000000000000000000e+00
8.659999847412109375e+01,0.000000000000000000e+00
8.663999938964843750e+01,0.000000000000000000e+00
8.668000030517578125e+01,0.000000000000000000e+00
8.671999359130859375e+01,0.000000000000000000e+00
8.675999450683593750e+01,0.000000000000000000e+00
8.679999542236328125e+01,0.000000000000000000e+00
8.683999633789062500e+01,0.000000000000000000e+00
8.687999725341796875e+01,0.000000000000000000e+00
8.691999816894531250e+01,0.000000000000000000e+00
8.695999908447265625e+01,0.000000000000000000e+00
8.700000000000000000e+01,0.000000000000000000e+00
8.703999328613281250e+01,0.000000000000000000e+00
8.707999420166015625e+01,0.000000000000000000e+00
8.711999511718750000e+01,0.000000000000000000e+00
8.715999603271484375e+01,0.000000000000000000e+00
8.719999694824218750e+01,0.000000000000000000e+00
8.723999786376953125e+01,0.000000000000000000e+00
8.727999877929687500e+01,0.000000000000000000e+00
8.731999969482421875e+01,0.000000000000000000e+00
8.735999298095703125e+01,0.000000000000000000e+00
8.739999389648437500e+01,0.000000000000000000e+00
8.743999481201171875e+01,0.000000000000000000e+00
8.747999572753906250e+01,0.000000000000000000e+00
8.751999664306640625e+01,0.000000000000000000e+00
8.755999755859375000e+01,0.000000000000000000e+00
8.759999847412109375e+01,0.000000000000000000e+00
8.763999938964843750e+01,0.000000000000000000e+00
8.768000030517578125e+01,0.000000000000000000e+00
8.771999359130859375e+01,0.000000000000000000e+00
8.775999450683593750e+01,0.000000000000000000e+00
8.779999542236328125e+01,0.000000000000000000e+00
8.783999633789062500e+01,0.000000000000000000e+00
8.787999725341796875e+01,0.000000000000000000e+00
8.791999816894531250e+01,0.000000000000000000e+00
8.795999908447265625e+01,0.000000000000000000e+00
8.800000000000000000e+01,0.000000000000000000e+00
8.803999328613281250e+01,0.000000000000000000e+00
8.807999420166015625e+01,0.000000000000000000e+00
8.811999511718750000e+01,0.000000000000000000e+00
8.815999603271484375e+01,0.000000000000000000e+00
8.819999694824218750e+01,0.000000000000000000e+00
8.823999786376953125e+01,0.000000000000000000e+00
8.827999877929687500e+01,0.000000000000000000e+00
8.831999969482421875e+01,0.000000000000000000e+00
8.835999298095703125e+01,0.000000000000000000e+00
8.839999389648437500e+01,0.000000000000000000e+00
8.843999481201171875e+01,0.000000000000000000e+00
8.847999572753906250e+01,0.000000000000000000e+00
8.851999664306640625e+01,0.000000000000000000e+00
8.855999755859375000e+01,0.000000000000000000e+00
8.859999847412109375e+01,0.000000000000000000e+00
8.863999938964843750e+01,0.000000000000000000e+00
8.868000030517578125e+01,0.000000000000000000e+00
8.871999359130859375e+01,0.000000000000000000e+00
8.875999450683593750e+01,0.000000000000000000e+00
8.879999542236328125e+01,0.000000000000000000e+00
8.883999633789062500e+01,0.000000000000000000e+00
8.887999725341796875e+01,0.000000000000000000e+00
8.891999816894531250e+01,0.000000000000000000e+00
8.895999908447265625e+01,0.000000000000000000e+00
8.900000000000000000e+01,0.000000000000000000e+00
8.903999328613281250e+01,0.000000000000000000e+00
8.907999420166015625e+01,0.000000000000000000e+00
8.911999511718750000e+01,0.000000000000000000e+00
8.915999603271484375e+01,0.000000000000000000e+00
8.919999694824218750e+01,0.000000000000000000e+00
8.923999786376953125e+01,0.000000000000000000e+00
8.927999877929687500e+01,0.000000000000000000e+00
8.931999969482421875e+01,0.000000000000000000e+00
8.935999298095703125e+01,0.000000000000000000e+00
8.939999389648437500e+01,0.000000000000000000e+00
8.943999481201171875e+01,0.000000000000000000e+00
8.947999572753906250e+01,0.000000000000000000e+00
8.951999664306640625e+01,0.000000000000000000e+00
8.955999755859375000e+01,0.000000000000000000e+00
8.959999847412109375e+01,0.000000000000000000e+00
8.963999938964843750e+01,0.000000000000000000e+00
8.968000030517578125e+01,0.000000000000000000e+00
8.971999359130859375e+01,0.000000000000000000e+00
8.975999450683593750e+01,0.000000000000000000e+00
8.979999542236328125e+01,0.000000000000000000e+00
8.983999633789062500e+01,0.000000000000000000e+00
8.987999725341796875e+01,0.000000000000000000e+00
8.991999816894531250e+01,0.000000000000000000e+00
8.995999908447265625e+01,0.000000000000000000e+00
9.000000000000000000e+01,0.000000000000000000e+00
9.003999328613281250e+01,0.000000000000000000e+00
9.007999420166015625e+01,0.000000000000000000e+00
9.011999511718750000e+01,0.000000000000000000e+00
9.015999603271484375e+01,0.000000000000000000e+00
9.019999694824218750e+01,0.000000000000000000e+00
9.023999786376953125e+01,0.000000000000000000e+00
9.027999877929687500e+01,0.000000000000000000e+00
9.031999969482421875e+01,0.000000000000000000e+00
9.035999298095703125e+01,0.000000000000000000e+00
9.039999389648437500e+01,0.000000000000000000e+00
9.043999481201171875e+01,0.000000000000000000e+00
9.047999572753906250e+01,0.000000000000000000e+00
9.051999664306640625e+01,0.000000000000000000e+00
9.055999755859375000e+01,0.000000000000000000e+00
9.059999847412109375e+01,0.000000000000000000e+00
9.063999938964843750e+01,0.000000000000000000e+00
9.067999267578125000e+01,0.000000000000000000e+00
9.071999359130859375e+01,0.000000000000000000e+00
9.075999450683593750e+01,0.000000000000000000e+00
9.079999542236328125e+01,0.000000000000000000e+00
9.083999633789062500e+01,0.000000000000000000e+00
9.087999725341796875e+01,0.000000000000000000e+00
9.091999816894531250e+01,0.000000000000000000e+00
9.095999908447265625e+01,0.000000000000000000e+00
9.100000000000000000e+01,0.000000000000000000e+00
9.103999328613281250e+01,0.000000000000000000e+00
9.107999420166015625e+01,0.000000000000000000e+00
9.111999511718750000e+01,0.000000000000000000e+00
9.115999603271484375e+01,0.000000000000000000e+00
9.119999694824218750e+01,0.000000000000000000e+00
9.123999786376953125e+01,0.000000000000000000e+00
9.127999877929687500e+01,0.000000000000000000e+00
9.131999969482421875e+01,0.000000000000000000e+00
9.135999298095703125e+01,0.000000000000000000e+00
9.139999389648437500e+01,0.000000000000000000e+00
9.143999481201171875e+01,0.000000000000000000e+00
9.147999572753906250e+01,0.000000000000000000e+00
9.151999664306640625e+01,0.000000000000000000e+00
9.155999755859375000e+01,0.000000000000000000e+00
9.159999847412109375e+01,0.000000000000000000e+00
9.163999938964843750e+01,0.000000000000000000e+00
9.167999267578125000e+01,0.000000000000000000e+00
9.171999359130859375e+01,0.000000000000000000e+00
9.175999450683593750e+01,0.000000000000000000e+00
9.179999542236328125e+01,0.000000000000000000e+00
9.183999633789062500e+01,0.000000000000000000e+00
9.187999725341796875e+01,0.000000000000000000e+00
9.191999816894531250e+01,0.000000000000000000e+00
9.195999908447265625e+01,0.000000000000000000e+00
9.200000000000000000e+01,0.000000000000000000e+00
9.203999328613281250e+01,0.000000000000000000e+00
9.207999420166015625e+01,0.000000000000000000e+00
9.211999511718750000e+01,0.000000000000000000e+00
9.215999603271484375e+01,0.000000000000000000e+00
9.219999694824218750e+01,0.000000000000000000e+00
9.223999786376953125e+01,0.000000000000000000e+00
9.227999877929687500e+01,0.000000000000000000e+00
9.231999969482421875e+01,0.000000000000000000e+00
9.235999298095703125e+01,0.000000000000000000e+00
9.239999389648437500e+01,0.000000000000000000e+00
9.243999481201171875e+01,0.000000000000000000e+00
9.247999572753906250e+01,0.000000000000000000e+00
9.251999664306640625e+01,0.000000000000000000e+00
9.255999755859375000e+01,0.000000000000000000e+00
9.259999847412109375e+01,0.000000000000000000e+00
9.263999938964843750e+01,0.000000000000000000e+00
9.267999267578125000e+01,0.000000000000000000e+00
9.271999359130859375e+01,0.000000000000000000e+00
9.275999450683593750e+01,0.000000000000000000e+00
9.279999542236328125e+01,0.000000000000000000e+00
9.283999633789062500e+01,0.000000000000000000e+00
9.287999725341796875e+01,0.000000000000000000e+00
9.291999816894531250e+01,0.000000000000000000e+00
9.295999908447265625e+01,0.000000000000000000e+00
9.300000000000000000e+01,0.000000000000000000e+00
9.303999328613281250e+01,0.000000000000000000e+00
9.307999420166015625e+01,0.000000000000000000e+00
9.311999511718750000e+01,0.000000000000000000e+00
9.315999603271484375e+01,0.000000000000000000e+00
9.319999694824218750e+01,0.000000000000000000e+00
9.323999786376953125e+01,0.000000000000000000e+00
9.327999877929687500e+01,0.000000000000000000e+00
9.331999969482421875e+01,0.000000000000000000e+00
9.335999298095703125e+01,0.000000000000000000e+00
9.339999389648437500e+01,0.000000000000000000e+00
9.343999481201171875e+01,0.000000000000000000e+00
9.347999572753906250e+01,0.000000000000000000e+00
9.351999664306640625e+01,0.000000000000000000e+00
9.355999755859375000e+01,0.000000000000000000e+00
9.359999847412109375e+01,0.000000000000000000e+00
9.363999938964843750e+01,0.000000000000000000e+00
9.367999267578125000e+01,0.000000000000000000e+00
9.371999359130859375e+01,0.000000000000000000e+00
9.375999450683593750e+01,0.000000000000000000e+00
9.379999542236328125e+01,0.000000000000000000e+00
9.383999633789062500e+01,0.000000000000000000e+00
9.387999725341796875e+01,0.000000000000000000e+00
9.391999816894531250e+01,0.000000000000000000e+00
9.395999908447265625e+01,0.000000000000000000e+00
9.400000000000000000e+01,0.000000000000000000e+00
9.403999328613281250e+01,0.000000000000000000e+00
9.407999420166015625e+01,0.000000000000000000e+00
9.411999511718750000e+01,0.000000000000000000e+00
9.415999603271484375e+01,0.000000000000000000e+00
9.419999694824218750e+01,0.000000000000000000e+00
9.423999786376953125e+01,0.000000000000000000e+00
9.427999877929687500e+01,0.000000000000000000e+00
9.431999969482421875e+01,0.000000000000000000e+00
9.435999298095703125e+01,0.000000000000000000e+00
9.439999389648437500e+01,0.000000000000000000e+00
9.443999481201171875e+01,0.000000000000000000e+00
9.447999572753906250e+01,0.000000000000000000e+00
9.451999664306640625e+01,0.000000000000000000e+00
9.455999755859375000e+01,0.000000000000000000e+00
9.459999847412109375e+01,0.000000000000000000e+00
9.463999938964843750e+01,0.000000000000000000e+00
9.467999267578125000e+01,0.000000000000000000e+00
9.471999359130859375e+01,0.000000000000000000e+00
9.475999450683593750e+01,0.000000000000000000e+00
9.479999542236328125e+01,0.000000000000000000e+00
9.483999633789062500e+01,0.000000000000000000e+00
9.487999725341796875e+01,0.000000000000000000e+00
9.491999816894531250e+01,0.000000000000000000e+00
9.495999908447265625e+01,0.000000000000000000e+00
9.500000000000000000e+01,0.000000000000000000e+00
9.503999328613281250e+01,0.000000000000000000e+00
9.507999420166015625e+01,0.000000000000000000e+00
9.511999511718750000e+01,0.000000000000000000e+00
9.515999603271484375e+01,0.000000000000000000e+00
9.519999694824218750e+01,0.000000000000000000e+00
9.523999786376953125e+01,0.000000000000000000e+00
9.527999877929687500e+01,0.000000000000000000e+00
9.531999969482421875e+01,0.000000000000000000e+00
9.535999298095703125e+01,0.000000000000000000e+00
9.539999389648437500e+01,0.000000000000000000e+00
9.543999481201171875e+01,0.000000000000000000e+00
9.547999572753906250e+01,0.000000000000000000e+00
9.551999664306640625e+01,0.000000000000000000e+00
9.555999755859375000e+01,0.000000000000000000e+00
9.559999847412109375e+01,0.000000000000000000e+00
9.563999938964843750e+01,0.000000000000000000e+00
9.567999267578125000e+01,0.000000000000000000e+00
9.571999359130859375e+01,0.000000000000000000e+00
9.575999450683593750e+01,0.000000000000000000e+00
9.579999542236328125e+01,0.000000000000000000e+00
9.583999633789062500e+01,0.000000000000000000e+00
9.587999725341796875e+01,0.000000000000000000e+00
9.591999816894531250e+01,0.000000000000000000e+00
9.595999908447265625e+01,0.000000000000000000e+00
9.600000000000000000e+01,0.000000000000000000e+00
9.603999328613281250e+01,0.000000000000000000e+00
9.607999420166015625e+01,0.000000000000000000e+00
9.611999511718750000e+01,0.000000000000000000e+00
9.615999603271484375e+01,0.000000000000000000e+00
9.619999694824218750e+01,0.000000000000000000e+00
9.623999786376953125e+01,0.000000000000000000e+00
9.627999877929687500e+01,0.000000000000000000e+00
9.631999969482421875e+01,0.000000000000000000e+00
9.635999298095703125e+01,0.000000000000000000e+00
9.639999389648437500e+01,0.000000000000000000e+00
9.643999481201171875e+01,0.000000000000000000e+00
9.647999572753906250e+01,0.000000000000000000e+00
9.651999664306640625e+01,0.000000000000000000e+00
9.655999755859375000e+01,0.000000000000000000e+00
9.659999847412109375e+01,0.000000000000000000e+00
9.663999938964843750e+01,0.000000000000000000e+00
9.667999267578125000e+01,0.000000000000000000e+00
9.671999359130859375e+01,0.000000000000000000e+00
9.675999450683593750e+01,0.000000000000000000e+00
9.679999542236328125e+01,0.000000000000000000e+00
9.683999633789062500e+01,0.000000000000000000e+00
9.687999725341796875e+01,0.000000000000000000e+00
9.691999816894531250e+01,0.000000000000000000e+00
9.695999908447265625e+01,0.000000000000000000e+00
9.700000000000000000e+01,0.000000000000000000e+00
9.703999328613281250e+01,0.000000000000000000e+00
9.707999420166015625e+01,0.000000000000000000e+00
9.711999511718750000e+01,0.000000000000000000e+00
9.715999603271484375e+01,0.000000000000000000e+00
9.719999694824218750e+01,0.000000000000000000e+00
9.723999786376953125e+01,0.000000000000000000e+00
9.727999877929687500e+01,0.000000000000000000e+00
9.731999969482421875e+01,0.000000000000000000e+00
9.735999298095703125e+01,0.000000000000000000e+00
9.739999389648437500e+01,0.000000000000000000e+00
9.743999481201171875e+01,0.000000000000000000e+00
9.747999572753906250e+01,0.000000000000000000e+00
9.751999664306640625e+01,0.000000000000000000e+00
9.755999755859375000e+01,0.000000000000000000e+00
9.759999847412109375e+01,0.000000000000000000e+00
9.763999938964843750e+01,0.000000000000000000e+00
9.767999267578125000e+01,0.000000000000000000e+00
9.771999359130859375e+01,0.000000000000000000e+00
9.775999450683593750e+01,0.000000000000000000e+00
9.779999542236328125e+01,0.000000000000000000e+00
9.783999633789062500e+01,0.000000000000000000e+00
9.787999725341796875e+01,0.000000000000000000e+00
9.791999816894531250e+01,0.000000000000000000e+00
9.795999908447265625e+01,0.000000000000000000e+00
9.800000000000000000e+01,0.000000000000000000e+00
9.803999328613281250e+01,0.000000000000000000e+00
9.807999420166015625e+01,0.000000000000000000e+00
9.811999511718750000e+01,0.000000000000000000e+00
9.815999603271484375e+01,0.000000000000000000e+00
9.819999694824218750e+01,0.000000000000000000e+00
9.823999786376953125e+01,0.000000000000000000e+00
9.827999877929687500e+01,0.000000000000000000e+00
9.831999969482421875e+01,0.000000000000000000e+00
9.835999298095703125e+01,0.000000000000000000e+00
9.839999389648437500e+01,0.000000000000000000e+00
9.843999481201171875e+01,0.000000000000000000e+00
9.847999572753906250e+01,0.000000000000000000e+00
9.851999664306640625e+01,0.000000000000000000e+00
9.855999755859375000e+01,0.000000000000000000e+00
9.859999847412109375e+01,0.000000000000000000e+00
9.863999938964843750e+01,0.000000000000000000e+00
9.867999267578125000e+01,0.000000000000000000e+00
9.871999359130859375e+01,0.000000000000000000e+00
9.875999450683593750e+01,0.000000000000000000e+00
9.879999542236328125e+01,0.000000000000000000e+00
9.883999633789062500e+01,0.000000000000000000e+00
9.887999725341796875e+01,0.000000000000000000e+00
9.891999816894531250e+01,0.000000000000000000e+00
9.895999908447265625e+01,0.000000000000000000e+00
9.900000000000000000e+01,0.000000000000000000e+00
9.903999328613281250e+01,0.000000000000000000e+00
9.907999420166015625e+01,0.000000000000000000e+00
9.911999511718750000e+01,0.000000000000000000e+00
9.915999603271484375e+01,0.000000000000000000e+00
9.919999694824218750e+01,0.000000000000000000e+00
9.923999786376953125e+01,0.000000000000000000e+00
9.927999877929687500e+01,0.000000000000000000e+00
9.931999969482421875e+01,0.000000000000000000e+00
9.935999298095703125e+01,0.000000000000000000e+00
9.939999389648437500e+01,0.000000000000000000e+00
9.943999481201171875e+01,0.000000000000000000e+00
9.947999572753906250e+01,0.000000000000000000e+00
9.951999664306640625e+01,0.000000000000000000e+00
9.955999755859375000e+01,0.000000000000000000e+00
9.959999847412109375e+01,0.000000000000000000e+00
9.963999938964843750e+01,0.000000000000000000e+00
9.967999267578125000e+01,0.000000000000000000e+00
9.971999359130859375e+01,0.000000000000000000e+00
9.975999450683593750e+01,0.000000000000000000e+00
9.979999542236328125e+01,0.000000000000000000e+00
9.983999633789062500e+01,0.000000000000000000e+00
9.987999725341796875e+01,0.000000000000000000e+00
9.991999816894531250e+01,0.000000000000000000e+00
9.995999908447265625e+01,0.000000000000000000e+00
1.000000000000000000e+02,0.000000000000000000e+00
1.000399932861328125e+02,0.000000000000000000e+00
1.000799942016601562e+02,0.000000000000000000e+00
1.001199951171875000e+02,0.000000000000000000e+00
1.001599960327148438e+02,0.000000000000000000e+00
1.001999969482421875e+02,0.000000000000000000e+00
1.002399978637695312e+02,0.000000000000000000e+00
1.002799987792968750e+02,0.000000000000000000e+00
1.003199996948242188e+02,0.000000000000000000e+00
1.003599929809570312e+02,0.000000000000000000e+00
1.003999938964843750e+02,0.000000000000000000e+00
1.004399948120117188e+02,0.000000000000000000e+00
1.004799957275390625e+02,0.000000000000000000e+00
1.005199966430664062e+02,0.000000000000000000e+00
1.005599975585937500e+02,0.000000000000000000e+00
1.005999984741210938e+02,0.000000000000000000e+00
1.006399993896484375e+02,0.000000000000000000e+00
1.006799926757812500e+02,0.000000000000000000e+00
1.007199935913085938e+02,0.000000000000000000e+00
1.007599945068359375e+02,0.000000000000000000e+00
1.007999954223632812e+02,0.000000000000000000e+00
1.008399963378906250e+02,0.000000000000000000e+00
1.008799972534179688e+02,0.000000000000000000e+00
1.009199981689453125e+02,0.000000000000000000e+00
1.009599990844726562e+02,0.000000000000000000e+00
1.010000000000000000e+02,0.000000000000000000e+00
1.010399932861328125e+02,0.000000000000000000e+00
1.010799942016601562e+02,0.000000000000000000e+00
1.011199951171875000e+02,0.000000000000000000e+00
1.011599960327148438e+02,0.000000000000000000e+00
1.011999969482421875e+02,0.000000000000000000e+00
1.012399978637695312e+02,0.000000000000000000e+00
1.012799987792968750e+02,0.000000000000000000e+00
1.013199996948242188e+02,0.000000000000000000e+00
1.013599929809570312e+02,0.000000000000000000e+00
1.013999938964843750e+02,0.000000000000000000e+00
1.014399948120117188e+02,0.000000000000000000e+00
1.014799957275390625e+02,0.000000000000000000e+00
1.015199966430664062e+02,0.000000000000000000e+00
1.015599975585937500e+02,0.000000000000000000e+00
1.015999984741210938e+02,0.000000000000000000e+00
1.016399993896484375e+02,0.000000000000000000e+00
1.016799926757812500e+02,0.000000000000000000e+00
1.017199935913085938e+02,0.000000000000000000e+00
1.017599945068359375e+02,0.000000000000000000e+00
1.017999954223632812e+02,0.000000000000000000e+00
1.018399963378906250e+02,0.000000000000000000e+00
1.018799972534179688e+02,0.000000000000000000e+00
1.019199981689453125e+02,0.000000000000000000e+00
1.019599990844726562e+02,0.000000000000000000e+00
1.020000000000000000e+02,0.000000000000000000e+00
1.020399932861328125e+02,0.000000000000000000e+00
1.020799942016601562e+02,0.000000000000000000e+00
1.021199951171875000e+02,0.000000000000000000e+00
1.021599960327148438e+02,0.000000000000000000e+00
1.021999969482421875e+02,0.000000000000000000e+00
1.022399978637695312e+02,0.000000000000000000e+00
1.022799987792968750e+02,0.000000000000000000e+00
1.023199996948242188e+02,0.000000000000000000e+00
1.023599929809570312e+02,0.000000000000000000e+00
1.023999938964843750e+02,0.000000000000000000e+00
1.024399948120117188e+02,0.000000000000000000e+00
1.024799957275390625e+02,0.000000000000000000e+00
1.025199966430664062e+02,0.000000000000000000e+00
1.025599975585937500e+02,0.000000000000000000e+00
1.025999984741210938e+02,0.000000000000000000e+00
1.026399993896484375e+02,0.000000000000000000e+00
1.026799926757812500e+02,0.000000000000000000e+00
1.027199935913085938e+02,0.000000000000000000e+00
1.027599945068359375e+02,0.000000000000000000e+00
1.027999954223632812e+02,0.000000000000000000e+00
1.028399963378906250e+02,0.000000000000000000e+00
1.028799972534179688e+02,0.000000000000000000e+00
1.029199981689453125e+02,0.000000000000000000e+00
1.029599990844726562e+02,0.000000000000000000e+00
1.030000000000000000e+02,0.000000000000000000e+00
1.030399932861328125e+02,0.000000000000000000e+00
1.030799942016601562e+02,0.000000000000000000e+00
1.031199951171875000e+02,0.000000000000000000e+00
1.031599960327148438e+02,0.000000000000000000e+00
1.031999969482421875e+02,0.000000000000000000e+00
1.032399978637695312e+02,0.000000000000000000e+00
1.032799987792968750e+02,0.000000000000000000e+00
1.033199996948242188e+02,0.000000000000000000e+00
1.033599929809570312e+02,0.000000000000000000e+00
1.033999938964843750e+02,0.000000000000000000e+00
1.034399948120117188e+02,0.000000000000000000e+00
1.034799957275390625e+02,0.000000000000000000e+00
1.035199966430664062e+02,0.000000000000000000e+00
1.035599975585937500e+02,0.000000000000000000e+00
1.035999984741210938e+02,0.000000000000000000e+00
1.036399993896484375e+02,0.000000000000000000e+00
1.036799926757812500e+02,0.000000000000000000e+00
1.037199935913085938e+02,0.000000000000000000e+00
1.037599945068359375e+02,0.000000000000000000e+00
1.037999954223632812e+02,0.000000000000000000e+00
1.038399963378906250e+02,0.000000000000000000e+00
1.038799972534179688e+02,0.000000000000000000e+00
1.039199981689453125e+02,0.000000000000000000e+00
1.039599990844726562e+02,0.000000000000000000e+00
1.039999923706054688e+02,0.000000000000000000e+00
1.040399932861328125e+02,0.000000000000000000e+00
1.040799942016601562e+02,0.000000000000000000e+00
1.041199951171875000e+02,0.000000000000000000e+00
1.041599960327148438e+02,0.000000000000000000e+00
1.041999969482421875e+02,0.000000000000000000e+00
1.042399978637695312e+02,0.000000000000000000e+00
1.042799987792968750e+02,0.000000000000000000e+00
1.043199996948242188e+02,0.000000000000000000e+00
1.043599929809570312e+02,0.000000000000000000e+00
1.043999938964843750e+02,0.000000000000000000e+00
1.044399948120117188e+02,0.000000000000000000e+00
1.044799957275390625e+02,0.000000000000000000e+00
1.045199966430664062e+02,0.000000000000000000e+00
1.045599975585937500e+02,0.000000000000000000e+00
1.045999984741210938e+02,0.000000000000000000e+00
1.046399993896484375e+02,0.000000000000000000e+00
1.046799926757812500e+02,0.000000000000000000e+00
1.047199935913085938e+02,0.000000000000000000e+00
1.047599945068359375e+02,0.000000000000000000e+00
1.047999954223632812e+02,0.000000000000000000e+00
1.048399963378906250e+02,0.000000000000000000e+00
1.048799972534179688e+02,0.000000000000000000e+00
1.049199981689453125e+02,0.000000000000000000e+00
1.049599990844726562e+02,0.000000000000000000e+00
1.049999923706054688e+02,0.000000000000000000e+00
1.050399932861328125e+02,0.000000000000000000e+00
1.050799942016601562e+02,0.000000000000000000e+00
1.051199951171875000e+02,0.000000000000000000e+00
1.051599960327148438e+02,0.000000000000000000e+00
1.051999969482421875e+02,0.000000000000000000e+00
1.052399978637695312e+02,0.000000000000000000e+00
1.052799987792968750e+02,0.000000000000000000e+00
1.053199996948242188e+02,0.000000000000000000e+00
1.053599929809570312e+02,0.000000000000000000e+00
1.053999938964843750e+02,0.000000000000000000e+00
1.054399948120117188e+02,0.000000000000000000e+00
1.054799957275390625e+02,0.000000000000000000e+00
1.055199966430664062e+02,0.000000000000000000e+00
1.055599975585937500e+02,0.000000000000000000e+00
1.055999984741210938e+02,0.000000000000000000e+00
1.056399993896484375e+02,0.000000000000000000e+00
1.056799926757812500e+02,0.000000000000000000e+00
1.057199935913085938e+02,0.000000000000000000e+00
1.057599945068359375e+02,0.000000000000000000e+00
1.057999954223632812e+02,0.000000000000000000e+00
1.058399963378906250e+02,0.000000000000000000e+00
1.058799972534179688e+02,0.000000000000000000e+00
1.059199981689453125e+02,0.000000000000000000e+00
1.059599990844726562e+02,0.000000000000000000e+00
1.059999923706054688e+02,0.000000000000000000e+00
1.060399932861328125e+02,0.000000000000000000e+00
1.060799942016601562e+02,0.000000000000000000e+00
1.061199951171875000e+02,0.000000000000000000e+00
1.061599960327148438e+02,0.000000000000000000e+00
1.061999969482421875e+02,0.000000000000000000e+00
1.062399978637695312e+02,0.000000000000000000e+00
1.062799987792968750e+02,0.000000000000000000e+00
1.063199996948242188e+02,0.000000000000000000e+00
1.063599929809570312e+02,0.000000000000000000e+00
1.063999938964843750e+02,0.000000000000000000e+00
1.064399948120117188e+02,0.000000000000000000e+00
1.064799957275390625e+02,0.000000000000000000e+00
1.065199966430664062e+02,0.000000000000000000e+00
1.065599975585937500e+02,0.000000000000000000e+00
1.065999984741210938e+02,0.000000000000000000e+00
1.066399993896484375e+02,0.000000000000000000e+00
1.066799926757812500e+02,0.000000000000000000e+00
1.067199935913085938e+02,0.000000000000000000e+00
1.067599945068359375e+02,0.000000000000000000e+00
1.067999954223632812e+02,0.000000000000000000e+00
1.068399963378906250e+02,0.000000000000000000e+00
1.068799972534179688e+02,0.000000000000000000e+00
1.069199981689453125e+02,0.000000000000000000e+00
1.069599990844726562e+02,0.000000000000000000e+00
1.069999923706054688e+02,0.000000000000000000e+00
1.070399932861328125e+02,0.000000000000000000e+00
1.070799942016601562e+02,0.000000000000000000e+00
1.071199951171875000e+02,0.000000000000000000e+00
1.071599960327148438e+02,0.000000000000000000e+00
1.071999969482421875e+02,0.000000000000000000e+00
1.072399978637695312e+02,0.000000000000000000e+00
1.072799987792968750e+02,0.000000000000000000e+00
1.073199996948242188e+02,0.000000000000000000e+00
1.073599929809570312e+02,0.000000000000000000e+00
1.073999938964843750e+02,0.000000000000000000e+00
1.074399948120117188e+02,0.000000000000000000e+00
1.074799957275390625e+02,0.000000000000000000e+00
1.075199966430664062e+02,0.000000000000000000e+00
1.075599975585937500e+02,0.000000000000000000e+00
1.075999984741210938e+02,0.000000000000000000e+00
1.076399993896484375e+02,0.000000000000000000e+00
1.076799926757812500e+02,0.000000000000000000e+00
1.077199935913085938e+02,0.000000000000000000e+00
1.077599945068359375e+02,0.000000000000000000e+00
1.077999954223632812e+02,0.000000000000000000e+00
1.078399963378906250e+02,0.000000000000000000e+00
1.078799972534179688e+02,0.000000000000000000e+00
1.079199981689453125e+02,0.000000000000000000e+00
1.079599990844726562e+02,0.000000000000000000e+00
1.079999923706054688e+02,0.000000000000000000e+00
1.080399932861328125e+02,0.000000000000000000e+00
1.080799942016601562e+02,0.000000000000000000e+00
1.081199951171875000e+02,0.000000000000000000e+00
1.081599960327148438e+02,0.000000000000000000e+00
1.081999969482421875e+02,0.000000000000000000e+00
1.082399978637695312e+02,0.000000000000000000e+00
1.082799987792968750e+02,0.000000000000000000e+00
1.083199996948242188e+02,0.000000000000000000e+00
1.083599929809570312e+02,0.000000000000000000e+00
1.083999938964843750e+02,0.000000000000000000e+00
1.084399948120117188e+02,0.000000000000000000e+00
1.084799957275390625e+02,0.000000000000000000e+00
1.085199966430664062e+02,0.000000000000000000e+00
1.085599975585937500e+02,0.000000000000000000e+00
1.085999984741210938e+02,0.000000000000000000e+00
1.086399993896484375e+02,0.000000000000000000e+00
1.086799926757812500e+02,0.000000000000000000e+00
1.087199935913085938e+02,0.000000000000000000e+00
1.087599945068359375e+02,0.000000000000000000e+00
1.087999954223632812e+02,0.000000000000000000e+00
1.088399963378906250e+02,0.000000000000000000e+00
1.088799972534179688e+02,0.000000000000000000e+00
1.089199981689453125e+02,0.000000000000000000e+00
1.089599990844726562e+02,0.000000000000000000e+00
1.089999923706054688e+02,0.000000000000000000e+00
1.090399932861328125e+02,0.000000000000000000e+00
1.090799942016601562e+02,0.000000000000000000e+00
1.091199951171875000e+02,0.000000000000000000e+00
1.091599960327148438e+02,0.000000000000000000e+00
1.091999969482421875e+02,0.000000000000000000e+00
1.092399978637695312e+02,0.000000000000000000e+00
1.092799987792968750e+02,0.000000000000000000e+00
1.093199996948242188e+02,0.000000000000000000e+00
1.093599929809570312e+02,0.000000000000000000e+00
1.093999938964843750e+02,0.000000000000000000e+00
1.094399948120117188e+02,0.000000000000000000e+00
1.094799957275390625e+02,0.000000000000000000e+00
1.095199966430664062e+02,0.000000000000000000e+00
1.095599975585937500e+02,0.000000000000000000e+00
1.095999984741210938e+02,0.000000000000000000e+00
1.096399993896484375e+02,0.000000000000000000e+00
1.096799926757812500e+02,0.000000000000000000e+00
1.097199935913085938e+02,0.000000000000000000e+00
1.097599945068359375e+02,0.000000000000000000e+00
1.097999954223632812e+02,0.000000000000000000e+00
1.098399963378906250e+02,0.000000000000000000e+00
1.098799972534179688e+02,0.000000000000000000e+00
1.099199981689453125e+02,0.000000000000000000e+00
1.099599990844726562e+02,0.000000000000000000e+00
1.099999923706054688e+02,0.000000000000000000e+00
1.100399932861328125e+02,0.000000000000000000e+00
1.100799942016601562e+02,0.000000000000000000e+00
1.101199951171875000e+02,0.000000000000000000e+00
1.101599960327148438e+02,0.000000000000000000e+00
1.101999969482421875e+02,0.000000000000000000e+00
1.102399978637695312e+02,0.000000000000000000e+00
1.102799987792968750e+02,0.000000000000000000e+00
1.103199996948242188e+02,0.000000000000000000e+00
1.103599929809570312e+02,0.000000000000000000e+00
1.103999938964843750e+02,0.000000000000000000e+00
1.104399948120117188e+02,0.000000000000000000e+00
1.104799957275390625e+02,0.000000000000000000e+00
1.105199966430664062e+02,0.000000000000000000e+00
1.105599975585937500e+02,0.000000000000000000e+00
1.105999984741210938e+02,0.000000000000000000e+00
1.106399993896484375e+02,0.000000000000000000e+00
1.106799926757812500e+02,0.000000000000000000e+00
1.107199935913085938e+02,0.000000000000000000e+00
1.107599945068359375e+02,0.000000000000000000e+00
1.107999954223632812e+02,0.000000000000000000e+00
1.108399963378906250e+02,0.000000000000000000e+00
1.108799972534179688e+02,0.000000000000000000e+00
1.109199981689453125e+02,0.000000000000000000e+00
1.109599990844726562e+02,0.000000000000000000e+00
1.109999923706054688e+02,0.000000000000000000e+00
1.110399932861328125e+02,0.000000000000000000e+00
1.110799942016601562e+02,0.000000000000000000e+00
1.111199951171875000e+02,0.000000000000000000e+00
1.111599960327148438e+02,0.000000000000000000e+00
1.111999969482421875e+02,0.000000000000000000e+00
1.112399978637695312e+02,0.000000000000000000e+00
1.112799987792968750e+02,0.000000000000000000e+00
1.113199996948242188e+02,0.000000000000000000e+00
1.113599929809570312e+02,0.000000000000000000e+00
1.113999938964843750e+02,0.000000000000000000e+00
1.114399948120117188e+02,0.000000000000000000e+00
1.114799957275390625e+02,0.000000000000000000e+00
1.115199966430664062e+02,0.000000000000000000e+00
1.115599975585937500e+02,0.000000000000000000e+00
1.115999984741210938e+02,0.000000000000000000e+00
1.116399993896484375e+02,0.000000000000000000e+00
1.116799926757812500e+02,0.000000000000000000e+00
1.117199935913085938e+02,0.000000000000000000e+00
1.117599945068359375e+02,0.000000000000000000e+00
1.117999954223632812e+02,0.000000000000000000e+00
1.118399963378906250e+02,0.000000000000000000e+00
1.118799972534179688e+02,0.000000000000000000e+00
1.119199981689453125e+02,0.000000000000000000e+00
1.119599990844726562e+02,0.000000000000000000e+00
1.119999923706054688e+02,0.000000000000000000e+00
1.120399932861328125e+02,0.000000000000000000e+00
1.120799942016601562e+02,0.000000000000000000e+00
1.121199951171875000e+02,0.000000000000000000e+00
1.121599960327148438e+02,0.000000000000000000e+00
1.121999969482421875e+02,0.000000000000000000e+00
1.122399978637695312e+02,0.000000000000000000e+00
1.122799987792968750e+02,0.000000000000000000e+00
1.123199996948242188e+02,0.000000000000000000e+00
1.123599929809570312e+02,0.000000000000000000e+00
1.123999938964843750e+02,0.000000000000000000e+00
1.124399948120117188e+02,0.000000000000000000e+00
1.124799957275390625e+02,0.000000000000000000e+00
1.125199966430664062e+02,0.000000000000000000e+00
1.125599975585937500e+02,0.000000000000000000e+00
1.125999984741210938e+02,0.000000000000000000e+00
1.126399993896484375e+02,0.000000000000000000e+00
1.126799926757812500e+02,0.000000000000000000e+00
1.127199935913085938e+02,0.000000000000000000e+00
1.127599945068359375e+02,0.000000000000000000e+00
1.127999954223632812e+02,0.000000000000000000e+00
1.128399963378906250e+02,0.000000000000000000e+00
1.128799972534179688e+02,0.000000000000000000e+00
1.129199981689453125e+02,0.000000000000000000e+00
1.129599990844726562e+02,0.000000000000000000e+00
1.129999923706054688e+02,0.000000000000000000e+00
1.130399932861328125e+02,0.000000000000000000e+00
1.130799942016601562e+02,0.000000000000000000e+00
1.131199951171875000e+02,0.000000000000000000e+00
1.131599960327148438e+02,0.000000000000000000e+00
1.131999969482421875e+02,0.000000000000000000e+00
1.132399978637695312e+02,0.000000000000000000e+00
1.132799987792968750e+02,0.000000000000000000e+00
1.133199996948242188e+02,0.000000000000000000e+00
1.133599929809570312e+02,0.000000000000000000e+00
1.133999938964843750e+02,0.000000000000000000e+00
1.134399948120117188e+02,0.000000000000000000e+00
1.134799957275390625e+02,0.000000000000000000e+00
1.135199966430664062e+02,0.000000000000000000e+00
1.135599975585937500e+02,0.000000000000000000e+00
1.135999984741210938e+02,0.000000000000000000e+00
1.136399993896484375e+02,0.000000000000000000e+00
1.136799926757812500e+02,0.000000000000000000e+00
1.137199935913085938e+02,0.000000000000000000e+00
1.137599945068359375e+02,0.000000000000000000e+00
1.137999954223632812e+02,0.000000000000000000e+00
1.138399963378906250e+02,0.000000000000000000e+00
1.138799972534179688e+02,0.000000000000000000e+00
1.139199981689453125e+02,0.000000000000000000e+00
1.139599990844726562e+02,0.000000000000000000e+00
1.139999923706054688e+02,0.000000000000000000e+00
1.140399932861328125e+02,0.000000000000000000e+00
1.140799942016601562e+02,0.000000000000000000e+00
1.141199951171875000e+02,0.000000000000000000e+00
1.141599960327148438e+02,0.000000000000000000e+00
1.141999969482421875e+02,0.000000000000000000e+00
1.142399978637695312e+02,0.000000000000000000e+00
1.142799987792968750e+02,0.000000000000000000e+00
1.143199996948242188e+02,0.000000000000000000e+00
1.143599929809570312e+02,0.000000000000000000e+00
1.143999938964843750e+02,0.000000000000000000e+00
1.144399948120117188e+02,0.000000000000000000e+00
1.144799957275390625e+02,0.000000000000000000e+00
1.145199966430664062e+02,0.000000000000000000e+00
1.145599975585937500e+02,0.000000000000000000e+00
1.145999984741210938e+02,0.000000000000000000e+00
1.146399993896484375e+02,0.000000000000000000e+00
1.146799926757812500e+02,0.000000000000000000e+00
1.147199935913085938e+02,0.000000000000000000e+00
1.147599945068359375e+02,0.000000000000000000e+00
1.147999954223632812e+02,0.000000000000000000e+00
1.148399963378906250e+02,0.000000000000000000e+00
1.148799972534179688e+02,0.000000000000000000e+00
1.149199981689453125e+02,0.000000000000000000e+00
1.149599990844726562e+02,0.000000000000000000e+00
1.149999923706054688e+02,0.000000000000000000e+00
1.150399932861328125e+02,0.000000000000000000e+00
1.150799942016601562e+02,0.000000000000000000e+00
1.151199951171875000e+02,0.000000000000000000e+00
1.151599960327148438e+02,0.000000000000000000e+00
1.151999969482421875e+02,0.000000000000000000e+00
1.152399978637695312e+02,0.000000000000000000e+00
1.152799987792968750e+02,0.000000000000000000e+00
1.153199996948242188e+02,0.000000000000000000e+00
1.153599929809570312e+02,0.000000000000000000e+00
1.153999938964843750e+02,0.000000000000000000e+00
1.154399948120117188e+02,0.000000000000000000e+00
1.154799957275390625e+02,0.000000000000000000e+00
1.155199966430664062e+02,0.000000000000000000e+00
1.155599975585937500e+02,0.000000000000000000e+00
1.155999984741210938e+02,0.000000000000000000e+00
1.156399993896484375e+02,0.000000000000000000e+00
1.156799926757812500e+02,0.000000000000000000e+00
1.157199935913085938e+02,0.000000000000000000e+00
1.157599945068359375e+02,0.000000000000000000e+00
1.157999954223632812e+02,0.000000000000000000e+00
1.158399963378906250e+02,0.000000000000000000e+00
1.158799972534179688e+02,0.000000000000000000e+00
1.159199981689453125e+02,0.000000000000000000e+00
1.159599990844726562e+02,0.000000000000000000e+00
1.159999923706054688e+02,0.000000000000000000e+00
1.160399932861328125e+02,0.000000000000000000e+00
1.160799942016601562e+02,0.000000000000000000e+00
1.161199951171875000e+02,0.000000000000000000e+00
1.161599960327148438e+02,0.000000000000000000e+00
1.161999969482421875e+02,0.000000000000000000e+00
1.162399978637695312e+02,0.000000000000000000e+00
1.162799987792968750e+02,0.000000000000000000e+00
1.163199996948242188e+02,0.000000000000000000e+00
1.163599929809570312e+02,0.000000000000000000e+00
1.163999938964843750e+02,0.000000000000000000e+00
1.164399948120117188e+02,0.000000000000000000e+00
1.164799957275390625e+02,0.000000000000000000e+00
1.165199966430664062e+02,0.000000000000000000e+00
1.165599975585937500e+02,0.000000000000000000e+00
1.165999984741210938e+02,0.000000000000000000e+00
1.166399993896484375e+02,0.000000000000000000e+00
1.166799926757812500e+02,0.000000000000000000e+00
1.167199935913085938e+02,0.000000000000000000e+00
1.167599945068359375e+02,0.000000000000000000e+00
1.167999954223632812e+02,0.000000000000000000e+00
1.168399963378906250e+02,0.000000000000000000e+00
1.168799972534179688e+02,0.000000000000000000e+00
1.169199981689453125e+02,0.000000000000000000e+00
1.169599990844726562e+02,0.000000000000000000e+00
1.169999923706054688e+02,0.000000000000000000e+00
1.170399932861328125e+02,0.000000000000000000e+00
1.170799942016601562e+02,0.000000000000000000e+00
1.171199951171875000e+02,0.000000000000000000e+00
1.171599960327148438e+02,0.000000000000000000e+00
1.171999969482421875e+02,0.000000000000000000e+00
1.172399978637695312e+02,0.000000000000000000e+00
1.172799987792968750e+02,0.000000000000000000e+00
1.173199996948242188e+02,0.000000000000000000e+00
1.173599929809570312e+02,0.000000000000000000e+00
1.173999938964843750e+02,0.000000000000000000e+00
1.174399948120117188e+02,0.000000000000000000e+00
1.174799957275390625e+02,0.000000000000000000e+00
1.175199966430664062e+02,0.000000000000000000e+00
1.175599975585937500e+02,0.000000000000000000e+00
1.175999984741210938e+02,0.000000000000000000e+00
1.176399993896484375e+02,0.000000000000000000e+00
1.176799926757812500e+02,0.000000000000000000e+00
1.177199935913085938e+02,0.000000000000000000e+00
1.177599945068359375e+02,0.000000000000000000e+00
1.177999954223632812e+02,0.000000000000000000e+00
1.178399963378906250e+02,0.000000000000000000e+00
1.178799972534179688e+02,0.000000000000000000e+00
1.179199981689453125e+02,0.000000000000000000e+00
1.179599990844726562e+02,0.000000000000000000e+00
1.179999923706054688e+02,0.000000000000000000e+00
1.180399932861328125e+02,0.000000000000000000e+00
1.180799942016601562e+02,0.000000000000000000e+00
1.181199951171875000e+02,0.000000000000000000e+00
1.181599960327148438e+02,0.000000000000000000e+00
1.181999969482421875e+02,0.000000000000000000e+00
1.182399978637695312e+02,0.000000000000000000e+00
1.182799987792968750e+02,0.000000000000000000e+00
1.183199920654296875e+02,0.000000000000000000e+00
1.183599929809570312e+02,0.000000000000000000e+00
1.183999938964843750e+02,0.000000000000000000e+00
1.184399948120117188e+02,0.000000000000000000e+00
1.184799957275390625e+02,0.000000000000000000e+00
1.185199966430664062e+02,0.000000000000000000e+00
1.185599975585937500e+02,0.000000000000000000e+00
1.185999984741210938e+02,0.000000000000000000e+00
1.186399993896484375e+02,0.000000000000000000e+00
1.186799926757812500e+02,0.000000000000000000e+00
1.187199935913085938e+02,0.000000000000000000e+00
1.187599945068359375e+02,0.000000000000000000e+00
1.187999954223632812e+02,0.000000000000000000e+00
1.188399963378906250e+02,0.000000000000000000e+00
1.188799972534179688e+02,0.000000000000000000e+00
1.189199981689453125e+02,0.000000000000000000e+00
1.189599990844726562e+02,0.000000000000000000e+00
1.189999923706054688e+02,0.000000000000000000e+00
1.190399932861328125e+02,0.000000000000000000e+00
1.190799942016601562e+02,0.000000000000000000e+00
1.191199951171875000e+02,0.000000000000000000e+00
1.191599960327148438e+02,0.000000000000000000e+00
1.191999969482421875e+02,0.000000000000000000e+00
1.192399978637695312e+02,0.000000000000000000e+00
1.192799987792968750e+02,0.000000000000000000e+00
1.193199920654296875e+02,0.000000000000000000e+00
1.193599929809570312e+02,0.000000000000000000e+00
1.193999938964843750e+02,0.000000000000000000e+00
1.194399948120117188e+02,0.000000000000000000e+00
1.194799957275390625e+02,0.000000000000000000e+00
1.195199966430664062e+02,0.000000000000000000e+00
1.195599975585937500e+02,0.000000000000000000e+00
1.195999984741210938e+02,0.000000000000000000e+00
1.196399993896484375e+02,0.000000000000000000e+00
1.196799926757812500e+02,0.000000000000000000e+00
1.197199935913085938e+02,0.000000000000000000e+00
1.197599945068359375e+02,0.000000000000000000e+00
1.197999954223632812e+02,0.000000000000000000e+00
1.198399963378906250e+02,0.000000000000000000e+00
1.198799972534179688e+02,0.000000000000000000e+00
1.199199981689453125e+02,0.000000000000000000e+00
1.199599990844726562e+02,0.000000000000000000e+00
1.199999923706054688e+02,0.000000000000000000e+00
1.200399932861328125e+02,0.000000000000000000e+00
1.200799942016601562e+02,0.000000000000000000e+00
1.201199951171875000e+02,0.000000000000000000e+00
1.201599960327148438e+02,0.000000000000000000e+00
1.201999969482421875e+02,0.000000000000000000e+00
1.202399978637695312e+02,0.000000000000000000e+00
1.202799987792968750e+02,0.000000000000000000e+00
1.203199920654296875e+02,0.000000000000000000e+00
1.203599929809570312e+02,0.000000000000000000e+00
1.203999938964843750e+02,0.000000000000000000e+00
1.204399948120117188e+02,0.000000000000000000e+00
1.204799957275390625e+02,0.000000000000000000e+00
1.205199966430664062e+02,0.000000000000000000e+00
1.205599975585937500e+02,0.000000000000000000e+00
1.205999984741210938e+02,0.000000000000000000e+00
1.206399993896484375e+02,0.000000000000000000e+00
1.206799926757812500e+02,0.000000000000000000e+00
1.207199935913085938e+02,0.000000000000000000e+00
1.207599945068359375e+02,0.000000000000000000e+00
1.207999954223632812e+02,0.000000000000000000e+00
1.208399963378906250e+02,0.000000000000000000e+00
1.208799972534179688e+02,0.000000000000000000e+00
1.209199981689453125e+02,0.000000000000000000e+00
1.209599990844726562e+02,0.000000000000000000e+00
1.209999923706054688e+02,0.000000000000000000e+00
1.210399932861328125e+02,0.000000000000000000e+00
1.210799942016601562e+02,0.000000000000000000e+00
1.211199951171875000e+02,0.000000000000000000e+00
1.211599960327148438e+02,0.000000000000000000e+00
1.211999969482421875e+02,0.000000000000000000e+00
1.212399978637695312e+02,0.000000000000000000e+00
1.212799987792968750e+02,0.000000000000000000e+00
1.213199920654296875e+02,0.000000000000000000e+00
1.213599929809570312e+02,0.000000000000000000e+00
1.213999938964843750e+02,0.000000000000000000e+00
1.214399948120117188e+02,0.000000000000000000e+00
1.214799957275390625e+02,0.000000000000000000e+00
1.215199966430664062e+02,0.000000000000000000e+00
1.215599975585937500e+02,0.000000000000000000e+00
1.215999984741210938e+02,0.000000000000000000e+00
1.216399993896484375e+02,0.000000000000000000e+00
1.216799926757812500e+02,0.000000000000000000e+00
1.217199935913085938e+02,0.000000000000000000e+00
1.217599945068359375e+02,0.000000000000000000e+00
1.217999954223632812e+02,0.000000000000000000e+00
1.218399963378906250e+02,0.000000000000000000e+00
1.218799972534179688e+02,0.000000000000000000e+00
1.219199981689453125e+02,0.000000000000000000e+00
1.219599990844726562e+02,0.000000000000000000e+00
1.219999923706054688e+02,0.000000000000000000e+00
1.220399932861328125e+02,0.000000000000000000e+00
1.220799942016601562e+02,0.000000000000000000e+00
1.221199951171875000e+02,0.000000000000000000e+00
1.221599960327148438e+02,0.000000000000000000e+00
1.221999969482421875e+02,0.000000000000000000e+00
1.222399978637695312e+02,0.000000000000000000e+00
1.222799987792968750e+02,0.000000000000000000e+00
1.223199920654296875e+02,0.000000000000000000e+00
1.223599929809570312e+02,0.000000000000000000e+00
1.223999938964843750e+02,0.000000000000000000e+00
1.224399948120117188e+02,0.000000000000000000e+00
1.224799957275390625e+02,0.000000000000000000e+00
1.225199966430664062e+02,0.000000000000000000e+00
1.225599975585937500e+02,0.000000000000000000e+00
1.225999984741210938e+02,0.000000000000000000e+00
1.226399993896484375e+02,0.000000000000000000e+00
1.226799926757812500e+02,0.000000000000000000e+00
1.227199935913085938e+02,0.000000000000000000e+00
1.227599945068359375e+02,0.000000000000000000e+00
1.227999954223632812e+02,0.000000000000000000e+00
1.228399963378906250e+02,0.000000000000000000e+00
1.228799972534179688e+02,0.000000000000000000e+00
1.229199981689453125e+02,0.000000000000000000e+00
1.229599990844726562e+02,0.000000000000000000e+00
1.229999923706054688e+02,0.000000000000000000e+00
1.230399932861328125e+02,0.000000000000000000e+00
1.230799942016601562e+02,0.000000000000000000e+00
1.231199951171875000e+02,0.000000000000000000e+00
1.231599960327148438e+02,0.000000000000000000e+00
1.231999969482421875e+02,0.000000000000000000e+00
1.232399978637695312e+02,0.000000000000000000e+00
1.232799987792968750e+02,0.000000000000000000e+00
1.233199920654296875e+02,0.000000000000000000e+00
1.233599929809570312e+02,0.000000000000000000e+00
1.233999938964843750e+02,0.000000000000000000e+00
1.234399948120117188e+02,0.000000000000000000e+00
1.234799957275390625e+02,0.000000000000000000e+00
1.235199966430664062e+02,0.000000000000000000e+00
1.235599975585937500e+02,0.000000000000000000e+00
1.235999984741210938e+02,0.000000000000000000e+00
1.236399993896484375e+02,0.000000000000000000e+00
1.236799926757812500e+02,0.000000000000000000e+00
1.237199935913085938e+02,0.000000000000000000e+00
1.237599945068359375e+02,0.000000000000000000e+00
1.237999954223632812e+02,0.000000000000000000e+00
1.238399963378906250e+02,0.000000000000000000e+00
1.238799972534179688e+02,0.000000000000000000e+00
1.239199981689453125e+02,0.000000000000000000e+00
1.239599990844726562e+02,0.000000000000000000e+00
1.239999923706054688e+02,0.000000000000000000e+00
1.240399932861328125e+02,0.000000000000000000e+00
1.240799942016601562e+02,0.000000000000000000e+00
1.241199951171875000e+02,0.000000000000000000e+00
1.241599960327148438e+02,0.000000000000000000e+00
1.241999969482421875e+02,0.000000000000000000e+00
1.242399978637695312e+02,0.000000000000000000e+00
1.242799987792968750e+02,0.000000000000000000e+00
1.243199920654296875e+02,0.000000000000000000e+00
1.243599929809570312e+02,0.000000000000000000e+00
1.243999938964843750e+02,0.000000000000000000e+00
1.244399948120117188e+02,0.000000000000000000e+00
1.244799957275390625e+02,0.000000000000000000e+00
1.245199966430664062e+02,0.000000000000000000e+00
1.245599975585937500e+02,0.000000000000000000e+00
1.245999984741210938e+02,0.000000000000000000e+00
1.246399993896484375e+02,0.000000000000000000e+00
1.246799926757812500e+02,0.000000000000000000e+00
1.247199935913085938e+02,0.000000000000000000e+00
1.247599945068359375e+02,0.000000000000000000e+00
1.247999954223632812e+02,0.000000000000000000e+00
1.248399963378906250e+02,0.000000000000000000e+00
1.248799972534179688e+02,0.000000000000000000e+00
1.249199981689453125e+02,0.000000000000000000e+00
1.249599990844726562e+02,0.000000000000000000e+00
1.249999923706054688e+02,0.000000000000000000e+00
1.250399932861328125e+02,0.000000000000000000e+00
1.250799942016601562e+02,0.000000000000000000e+00
1.251199951171875000e+02,0.000000000000000000e+00
1.251599960327148438e+02,0.000000000000000000e+00
1.251999969482421875e+02,0.000000000000000000e+00
1.252399978637695312e+02,0.000000000000000000e+00
1.252799987792968750e+02,0.000000000000000000e+00
1.253199920654296875e+02,0.000000000000000000e+00
1.253599929809570312e+02,0.000000000000000000e+00
1.253999938964843750e+02,0.000000000000000000e+00
1.254399948120117188e+02,0.000000000000000000e+00
1.254799957275390625e+02,0.000000000000000000e+00
1.255199966430664062e+02,0.000000000000000000e+00
1.255599975585937500e+02,0.000000000000000000e+00
1.255999984741210938e+02,0.000000000000000000e+00
1.256399993896484375e+02,0.000000000000000000e+00
1.256799926757812500e+02,0.000000000000000000e+00
1.257199935913085938e+02,0.000000000000000000e+00
1.257599945068359375e+02,0.000000000000000000e+00
1.257999954223632812e+02,0.000000000000000000e+00
1.258399963378906250e+02,0.000000000000000000e+00
1.258799972534179688e+02,0.000000000000000000e+00
1.259199981689453125e+02,0.000000000000000000e+00
1.259599990844726562e+02,0.000000000000000000e+00
1.259999923706054688e+02,0.000000000000000000e+00
1.260399932861328125e+02,0.000000000000000000e+00
1.260799942016601562e+02,0.000000000000000000e+00
1.261199951171875000e+02,0.000000000000000000e+00
1.261599960327148438e+02,0.000000000000000000e+00
1.261999969482421875e+02,0.000000000000000000e+00
1.262399978637695312e+02,0.000000000000000000e+00
1.262799987792968750e+02,0.000000000000000000e+00
1.263199920654296875e+02,0.000000000000000000e+00
1.263599929809570312e+02,0.000000000000000000e+00
1.263999938964843750e+02,0.000000000000000000e+00
1.264399948120117188e+02,0.000000000000000000e+00
1.264799957275390625e+02,0.000000000000000000e+00
1.265199966430664062e+02,0.000000000000000000e+00
1.265599975585937500e+02,0.000000000000000000e+00
1.265999984741210938e+02,0.000000000000000000e+00
1.266399993896484375e+02,0.000000000000000000e+00
1.266799926757812500e+02,0.000000000000000000e+00
1.267199935913085938e+02,0.000000000000000000e+00
1.267599945068359375e+02,0.000000000000000000e+00
1.267999954223632812e+02,0.000000000000000000e+00
1.268399963378906250e+02,0.000000000000000000e+00
1.268799972534179688e+02,0.000000000000000000e+00
1.269199981689453125e+02,0.000000000000000000e+00
1.269599990844726562e+02,0.000000000000000000e+00
1.269999923706054688e+02,0.000000000000000000e+00
1.270399932861328125e+02,0.000000000000000000e+00
1.270799942016601562e+02,0.000000000000000000e+00
1.271199951171875000e+02,0.000000000000000000e+00
1.271599960327148438e+02,0.000000000000000000e+00
1.271999969482421875e+02,0.000000000000000000e+00
1.272399978637695312e+02,0.000000000000000000e+00
1.272799987792968750e+02,0.000000000000000000e+00
1.273199920654296875e+02,0.000000000000000000e+00
1.273599929809570312e+02,0.000000000000000000e+00
1.273999938964843750e+02,0.000000000000000000e+00
1.274399948120117188e+02,0.000000000000000000e+00
1.274799957275390625e+02,0.000000000000000000e+00
1.275199966430664062e+02,0.000000000000000000e+00
1.275599975585937500e+02,0.000000000000000000e+00
1.275999984741210938e+02,0.000000000000000000e+00
1.276399993896484375e+02,0.000000000000000000e+00
1.276799926757812500e+02,0.000000000000000000e+00
1.277199935913085938e+02,0.000000000000000000e+00
1.277599945068359375e+02,0.000000000000000000e+00
1.277999954223632812e+02,0.000000000000000000e+00
1.278399963378906250e+02,0.000000000000000000e+00
1.278799972534179688e+02,0.000000000000000000e+00
1.279199981689453125e+02,0.000000000000000000e+00
1.279599990844726562e+02,0.000000000000000000e+00
1.279999923706054688e+02,0.000000000000000000e+00
1.280399932861328125e+02,0.000000000000000000e+00
1.280800018310546875e+02,0.000000000000000000e+00
1.281199951171875000e+02,0.000000000000000000e+00
1.281600036621093750e+02,0.000000000000000000e+00
1.281999969482421875e+02,0.000000000000000000e+00
1.282400054931640625e+02,0.000000000000000000e+00
1.282799987792968750e+02,0.000000000000000000e+00
1.283199920654296875e+02,0.000000000000000000e+00
1.283600006103515625e+02,0.000000000000000000e+00
1.283999938964843750e+02,0.000000000000000000e+00
1.284400024414062500e+02,0.000000000000000000e+00
1.284799957275390625e+02,0.000000000000000000e+00
1.285200042724609375e+02,0.000000000000000000e+00
1.285599975585937500e+02,0.000000000000000000e+00
1.286000061035156250e+02,0.000000000000000000e+00
1.286399993896484375e+02,0.000000000000000000e+00
1.286799926757812500e+02,0.000000000000000000e+00
1.287200012207031250e+02,0.000000000000000000e+00
1.287599945068359375e+02,0.000000000000000000e+00
1.288000030517578125e+02,0.000000000000000000e+00
1.288399963378906250e+02,0.000000000000000000e+00
1.288800048828125000e+02,0.000000000000000000e+00
1.289199981689453125e+02,0.000000000000000000e+00
1.289600067138671875e+02,0.000000000000000000e+00
1.290000000000000000e+02,0.000000000000000000e+00
1.290399932861328125e+02,0.000000000000000000e+00
1.290800018310546875e+02,0.000000000000000000e+00
1.291199951171875000e+02,0.000000000000000000e+00
1.291600036621093750e+02,0.000000000000000000e+00
1.291999969482421875e+02,0.000000000000000000e+00
1.292400054931640625e+02,0.000000000000000000e+00
1.292799987792968750e+02,0.000000000000000000e+00
1.293199920654296875e+02,0.000000000000000000e+00
1.293600006103515625e+02,0.000000000000000000e+00
1.293999938964843750e+02,0.000000000000000000e+00
1.294400024414062500e+02,0.000000000000000000e+00
1.294799957275390625e+02,0.000000000000000000e+00
1.295200042724609375e+02,0.000000000000000000e+00
1.295599975585937500e+02,0.000000000000000000e+00
1.296000061035156250e+02,0.000000000000000000e+00
1.296399993896484375e+02,0.000000000000000000e+00
1.296800079345703125e+02,0.000000000000000000e+00
1.297200012207031250e+02,0.000000000000000000e+00
1.297600097656250000e+02,0.000000000000000000e+00
1.298000030517578125e+02,0.000000000000000000e+00
1.298399963378906250e+02,0.000000000000000000e+00
1.298800048828125000e+02,0.000000000000000000e+00
1.299199981689453125e+02,0.000000000000000000e+00
1.299600067138671875e+02,0.000000000000000000e+00
1.300000000000000000e+02,0.000000000000000000e+00
1.300400085449218750e+02,0.000000000000000000e+00
1.300800018310546875e+02,0.000000000000000000e+00
1.301200103759765625e+02,0.000000000000000000e+00
1.301600036621093750e+02,0.000000000000000000e+00
1.301999969482421875e+02,0.000000000000000000e+00
1.302400054931640625e+02,0.000000000000000000e+00
1.302799987792968750e+02,0.000000000000000000e+00
1.303200073242187500e+02,0.000000000000000000e+00
1.303600006103515625e+02,0.000000000000000000e+00
1.304000091552734375e+02,0.000000000000000000e+00
1.304400024414062500e+02,0.000000000000000000e+00
1.304799957275390625e+02,0.000000000000000000e+00
1.305200042724609375e+02,0.000000000000000000e+00
1.305599975585937500e+02,0.000000000000000000e+00
1.306000061035156250e+02,0.000000000000000000e+00
1.306399993896484375e+02,0.000000000000000000e+00
1.306800079345703125e+02,0.000000000000000000e+00
1.307200012207031250e+02,0.000000000000000000e+00
1.307600097656250000e+02,0.000000000000000000e+00
1.308000030517578125e+02,0.000000000000000000e+00
1.308399963378906250e+02,0.000000000000000000e+00
1.308800048828125000e+02,0.000000000000000000e+00
1.309199981689453125e+02,0.000000000000000000e+00
1.309600067138671875e+02,0.000000000000000000e+00
1.310000000000000000e+02,0.000000000000000000e+00
1.310400085449218750e+02,0.000000000000000000e+00
1.310800018310546875e+02,0.000000000000000000e+00
1.311200103759765625e+02,0.000000000000000000e+00
1.311600036621093750e+02,0.000000000000000000e+00
1.311999969482421875e+02,0.000000000000000000e+00
1.312400054931640625e+02,0.000000000000000000e+00
1.312799987792968750e+02,0.000000000000000000e+00
1.313200073242187500e+02,0.000000000000000000e+00
1.313600006103515625e+02,0.000000000000000000e+00
1.314000091552734375e+02,0.000000000000000000e+00
1.314400024414062500e+02,0.000000000000000000e+00
1.314799957275390625e+02,0.000000000000000000e+00
1.315200042724609375e+02,0.000000000000000000e+00
1.315599975585937500e+02,0.000000000000000000e+00
1.316000061035156250e+02,0.000000000000000000e+00
1.316399993896484375e+02,0.000000000000000000e+00
1.316800079345703125e+02,0.000000000000000000e+00
1.317200012207031250e+02,0.000000000000000000e+00
1.317600097656250000e+02,0.000000000000000000e+00
1.318000030517578125e+02,0.000000000000000000e+00
1.318399963378906250e+02,0.000000000000000000e+00
1.318800048828125000e+02,0.000000000000000000e+00
1.319199981689453125e+02,0.000000000000000000e+00
1.319600067138671875e+02,0.000000000000000000e+00
1.320000000000000000e+02,0.000000000000000000e+00
1.320400085449218750e+02,0.000000000000000000e+00
1.320800018310546875e+02,0.000000000000000000e+00
1.321200103759765625e+02,0.000000000000000000e+00
1.321600036621093750e+02,0.000000000000000000e+00
1.321999969482421875e+02,0.000000000000000000e+00
1.322400054931640625e+02,0.000000000000000000e+00
1.322799987792968750e+02,0.000000000000000000e+00
1.323200073242187500e+02,0.000000000000000000e+00
1.323600006103515625e+02,0.000000000000000000e+00
1.324000091552734375e+02,0.000000000000000000e+00
1.324400024414062500e+02,0.000000000000000000e+00
1.324799957275390625e+02,0.000000000000000000e+00
1.325200042724609375e+02,0.000000000000000000e+00
1.325599975585937500e+02,0.000000000000000000e+00
1.326000061035156250e+02,0.000000000000000000e+00
1.326399993896484375e+02,0.000000000000000000e+00
1.326800079345703125e+02,0.000000000000000000e+00
1.327200012207031250e+02,0.000000000000000000e+00
1.327600097656250000e+02,0.000000000000000000e+00
1.328000030517578125e+02,0.000000000000000000e+00
1.328399963378906250e+02,0.000000000000000000e+00
1.328800048828125000e+02,0.000000000000000000e+00
1.329199981689453125e+02,0.000000000000000000e+00
1.329600067138671875e+02,0.000000000000000000e+00
1.330000000000000000e+02,0.000000000000000000e+00
1.330400085449218750e+02,0.000000000000000000e+00
1.330800018310546875e+02,0.000000000000000000e+00
1.331200103759765625e+02,0.000000000000000000e+00
1.331600036621093750e+02,0.000000000000000000e+00
1.331999969482421875e+02,0.000000000000000000e+00
1.332400054931640625e+02,0.000000000000000000e+00
1.332799987792968750e+02,0.000000000000000000e+00
1.333200073242187500e+02,0.000000000000000000e+00
1.333600006103515625e+02,0.000000000000000000e+00
1.334000091552734375e+02,0.000000000000000000e+00
1.334400024414062500e+02,0.000000000000000000e+00
1.334799957275390625e+02,0.000000000000000000e+00
1.335200042724609375e+02,0.000000000000000000e+00
1.335599975585937500e+02,0.000000000000000000e+00
1.336000061035156250e+02,0.000000000000000000e+00
1.336399993896484375e+02,0.000000000000000000e+00
1.336800079345703125e+02,0.000000000000000000e+00
1.337200012207031250e+02,0.000000000000000000e+00
1.337600097656250000e+02,0.000000000000000000e+00
1.338000030517578125e+02,0.000000000000000000e+00
1.338399963378906250e+02,0.000000000000000000e+00
1.338800048828125000e+02,0.000000000000000000e+00
1.339199981689453125e+02,0.000000000000000000e+00
1.339600067138671875e+02,0.000000000000000000e+00
1.340000000000000000e+02,0.000000000000000000e+00
1.340400085449218750e+02,0.000000000000000000e+00
1.340800018310546875e+02,0.000000000000000000e+00
1.341200103759765625e+02,0.000000000000000000e+00
1.341600036621093750e+02,0.000000000000000000e+00
1.341999969482421875e+02,0.000000000000000000e+00
1.342400054931640625e+02,0.000000000000000000e+00
1.342799987792968750e+02,0.000000000000000000e+00
1.343200073242187500e+02,0.000000000000000000e+00
1.343600006103515625e+02,0.000000000000000000e+00
1.344000091552734375e+02,0.000000000000000000e+00
1.344400024414062500e+02,0.000000000000000000e+00
1.344799957275390625e+02,0.000000000000000000e+00
1.345200042724609375e+02,0.000000000000000000e+00
1.345599975585937500e+02,0.000000000000000000e+00
1.346000061035156250e+02,0.000000000000000000e+00
1.346399993896484375e+02,0.000000000000000000e+00
1.346800079345703125e+02,0.000000000000000000e+00
1.347200012207031250e+02,0.000000000000000000e+00
1.347600097656250000e+02,0.000000000000000000e+00
1.348000030517578125e+02,0.000000000000000000e+00
1.348399963378906250e+02,0.000000000000000000e+00
1.348800048828125000e+02,0.000000000000000000e+00
1.349199981689453125e+02,0.000000000000000000e+00
1.349600067138671875e+02,0.000000000000000000e+00
1.350000000000000000e+02,0.000000000000000000e+00
1.350400085449218750e+02,0.000000000000000000e+00
1.350800018310546875e+02,0.000000000000000000e+00
1.351200103759765625e+02,0.000000000000000000e+00
1.351600036621093750e+02,0.000000000000000000e+00
1.351999969482421875e+02,0.000000000000000000e+00
1.352400054931640625e+02,0.000000000000000000e+00
1.352799987792968750e+02,0.000000000000000000e+00
1.353200073242187500e+02,0.000000000000000000e+00
1.353600006103515625e+02,0.000000000000000000e+00
1.354000091552734375e+02,0.000000000000000000e+00
1.354400024414062500e+02,0.000000000000000000e+00
1.354799957275390625e+02,0.000000000000000000e+00
1.355200042724609375e+02,0.000000000000000000e+00
1.355599975585937500e+02,0.000000000000000000e+00
1.356000061035156250e+02,0.000000000000000000e+00
1.356399993896484375e+02,0.000000000000000000e+00
1.356800079345703125e+02,0.000000000000000000e+00
1.357200012207031250e+02,0.000000000000000000e+00
1.357600097656250000e+02,0.000000000000000000e+00
1.358000030517578125e+02,0.000000000000000000e+00
1.358399963378906250e+02,0.000000000000000000e+00
1.358800048828125000e+02,0.000000000000000000e+00
1.359199981689453125e+02,0.000000000000000000e+00
1.359600067138671875e+02,0.000000000000000000e+00
1.360000000000000000e+02,0.000000000000000000e+00
1.360400085449218750e+02,0.000000000000000000e+00
1.360800018310546875e+02,0.000000000000000000e+00
1.361200103759765625e+02,0.000000000000000000e+00
1.361600036621093750e+02,0.000000000000000000e+00
1.361999969482421875e+02,0.000000000000000000e+00
1.362400054931640625e+02,0.000000000000000000e+00
1.362799987792968750e+02,0.000000000000000000e+00
1.363200073242187500e+02,0.000000000000000000e+00
1.363600006103515625e+02,0.000000000000000000e+00
1.364000091552734375e+02,0.000000000000000000e+00
1.364400024414062500e+02,0.000000000000000000e+00
1.364799957275390625e+02,0.000000000000000000e+00
1.365200042724609375e+02,0.000000000000000000e+00
1.365599975585937500e+02,0.000000000000000000e+00
1.366000061035156250e+02,0.000000000000000000e+00
1.366399993896484375e+02,0.000000000000000000e+00
1.366800079345703125e+02,0.000000000000000000e+00
1.367200012207031250e+02,0.000000000000000000e+00
1.367600097656250000e+02,0.000000000000000000e+00
1.368000030517578125e+02,0.000000000000000000e+00
1.368399963378906250e+02,0.000000000000000000e+00
1.368800048828125000e+02,0.000000000000000000e+00
1.369199981689453125e+02,0.000000000000000000e+00
1.369600067138671875e+02,0.000000000000000000e+00
1.370000000000000000e+02,0.000000000000000000e+00
1.370400085449218750e+02,0.000000000000000000e+00
1.370800018310546875e+02,0.000000000000000000e+00
1.371200103759765625e+02,0.000000000000000000e+00
1.371600036621093750e+02,0.000000000000000000e+00
1.371999969482421875e+02,0.000000000000000000e+00
1.372400054931640625e+02,0.000000000000000000e+00
1.372799987792968750e+02,0.000000000000000000e+00
1.373200073242187500e+02,0.000000000000000000e+00
1.373600006103515625e+02,0.000000000000000000e+00
1.374000091552734375e+02,0.000000000000000000e+00
1.374400024414062500e+02,0.000000000000000000e+00
1.374799957275390625e+02,0.000000000000000000e+00
1.375200042724609375e+02,0.000000000000000000e+00
1.375599975585937500e+02,0.000000000000000000e+00
1.376000061035156250e+02,0.000000000000000000e+00
1.376399993896484375e+02,0.000000000000000000e+00
1.376800079345703125e+02,0.000000000000000000e+00
1.377200012207031250e+02,0.000000000000000000e+00
1.377600097656250000e+02,0.000000000000000000e+00
1.378000030517578125e+02,0.000000000000000000e+00
1.378399963378906250e+02,0.000000000000000000e+00
1.378800048828125000e+02,0.000000000000000000e+00
1.379199981689453125e+02,0.000000000000000000e+00
1.379600067138671875e+02,0.000000000000000000e+00
1.380000000000000000e+02,0.000000000000000000e+00
1.380400085449218750e+02,0.000000000000000000e+00
1.380800018310546875e+02,0.000000000000000000e+00
1.381200103759765625e+02,0.000000000000000000e+00
1.381600036621093750e+02,0.000000000000000000e+00
1.381999969482421875e+02,0.000000000000000000e+00
1.382400054931640625e+02,0.000000000000000000e+00
1.382799987792968750e+02,0.000000000000000000e+00
1.383200073242187500e+02,0.000000000000000000e+00
1.383600006103515625e+02,0.000000000000000000e+00
1.384000091552734375e+02,0.000000000000000000e+00
1.384400024414062500e+02,0.000000000000000000e+00
1.384799957275390625e+02,0.000000000000000000e+00
1.385200042724609375e+02,0.000000000000000000e+00
1.385599975585937500e+02,0.000000000000000000e+00
1.386000061035156250e+02,0.000000000000000000e+00
1.386399993896484375e+02,0.000000000000000000e+00
1.386800079345703125e+02,0.000000000000000000e+00
1.387200012207031250e+02,0.000000000000000000e+00
1.387600097656250000e+02,0.000000000000000000e+00
1.388000030517578125e+02,0.000000000000000000e+00
1.388399963378906250e+02,0.000000000000000000e+00
1.388800048828125000e+02,0.000000000000000000e+00
1.389199981689453125e+02,0.000000000000000000e+00
1.389600067138671875e+02,0.000000000000000000e+00
1.390000000000000000e+02,0.000000000000000000e+00
1.390400085449218750e+02,0.000000000000000000e+00
1.390800018310546875e+02,0.000000000000000000e+00
1.391200103759765625e+02,0.000000000000000000e+00
1.391600036621093750e+02,0.000000000000000000e+00
1.391999969482421875e+02,0.000000000000000000e+00
1.392400054931640625e+02,0.000000000000000000e+00
1.392799987792968750e+02,0.000000000000000000e+00
1.393200073242187500e+02,0.000000000000000000e+00
1.393600006103515625e+02,0.000000000000000000e+00
1.394000091552734375e+02,0.000000000000000000e+00
1.394400024414062500e+02,0.000000000000000000e+00
1.394799957275390625e+02,0.000000000000000000e+00
1.395200042724609375e+02,0.000000000000000000e+00
1.395599975585937500e+02,0.000000000000000000e+00
1.396000061035156250e+02,0.000000000000000000e+00
1.396399993896484375e+02,0.000000000000000000e+00
1.396800079345703125e+02,0.000000000000000000e+00
1.397200012207031250e+02,0.000000000000000000e+00
1.397600097656250000e+02,0.000000000000000000e+00
1.398000030517578125e+02,0.000000000000000000e+00
1.398399963378906250e+02,0.000000000000000000e+00
1.398800048828125000e+02,0.000000000000000000e+00
1.399199981689453125e+02,0.000000000000000000e+00
1.399600067138671875e+02,0.000000000000000000e+00
1.400000000000000000e+02,0.000000000000000000e+00
1.400400085449218750e+02,0.000000000000000000e+00
1.400800018310546875e+02,0.000000000000000000e+00
1.401200103759765625e+02,0.000000000000000000e+00
1.401600036621093750e+02,0.000000000000000000e+00
1.401999969482421875e+02,0.000000000000000000e+00
1.402400054931640625e+02,0.000000000000000000e+00
1.402799987792968750e+02,0.000000000000000000e+00
1.403200073242187500e+02,0.000000000000000000e+00
1.403600006103515625e+02,0.000000000000000000e+00
1.404000091552734375e+02,0.000000000000000000e+00
1.404400024414062500e+02,0.000000000000000000e+00
1.404799957275390625e+02,0.000000000000000000e+00
1.405200042724609375e+02,0.000000000000000000e+00
1.405599975585937500e+02,0.000000000000000000e+00
1.406000061035156250e+02,0.000000000000000000e+00
1.406399993896484375e+02,0.000000000000000000e+00
1.406800079345703125e+02,0.000000000000000000e+00
1.407200012207031250e+02,0.000000000000000000e+00
1.407600097656250000e+02,0.000000000000000000e+00
1.408000030517578125e+02,0.000000000000000000e+00
1.408399963378906250e+02,0.000000000000000000e+00
1.408800048828125000e+02,0.000000000000000000e+00
1.409199981689453125e+02,0.000000000000000000e+00
1.409600067138671875e+02,0.000000000000000000e+00
1.410000000000000000e+02,0.000000000000000000e+00
1.410400085449218750e+02,0.000000000000000000e+00
1.410800018310546875e+02,0.000000000000000000e+00
1.411200103759765625e+02,0.000000000000000000e+00
1.411600036621093750e+02,0.000000000000000000e+00
1.411999969482421875e+02,0.000000000000000000e+00
1.412400054931640625e+02,0.000000000000000000e+00
1.412799987792968750e+02,0.000000000000000000e+00
1.413200073242187500e+02,0.000000000000000000e+00
1.413600006103515625e+02,0.000000000000000000e+00
1.414000091552734375e+02,0.000000000000000000e+00
1.414400024414062500e+02,0.000000000000000000e+00
1.414799957275390625e+02,0.000000000000000000e+00
1.415200042724609375e+02,0.000000000000000000e+00
1.415599975585937500e+02,0.000000000000000000e+00
1.416000061035156250e+02,0.000000000000000000e+00
1.416399993896484375e+02,0.000000000000000000e+00
1.416800079345703125e+02,0.000000000000000000e+00
1.417200012207031250e+02,0.000000000000000000e+00
1.417600097656250000e+02,0.000000000000000000e+00
1.418000030517578125e+02,0.000000000000000000e+00
1.418399963378906250e+02,0.000000000000000000e+00
1.418800048828125000e+02,0.000000000000000000e+00
1.419199981689453125e+02,0.000000000000000000e+00
1.419600067138671875e+02,0.000000000000000000e+00
1.420000000000000000e+02,0.000000000000000000e+00
1.420400085449218750e+02,0.000000000000000000e+00
1.420800018310546875e+02,0.000000000000000000e+00
1.421200103759765625e+02,0.000000000000000000e+00
1.421600036621093750e+02,0.000000000000000000e+00
1.421999969482421875e+02,0.000000000000000000e+00
1.422400054931640625e+02,0.000000000000000000e+00
1.422799987792968750e+02,0.000000000000000000e+00
1.423200073242187500e+02,0.000000000000000000e+00
1.423600006103515625e+02,0.000000000000000000e+00
1.424000091552734375e+02,0.000000000000000000e+00
1.424400024414062500e+02,0.000000000000000000e+00
1.424799957275390625e+02,0.000000000000000000e+00
1.425200042724609375e+02,0.000000000000000000e+00
1.425599975585937500e+02,0.000000000000000000e+00
1.426000061035156250e+02,0.000000000000000000e+00
1.426399993896484375e+02,0.000000000000000000e+00
1.426800079345703125e+02,0.000000000000000000e+00
1.427200012207031250e+02,0.000000000000000000e+00
1.427600097656250000e+02,0.000000000000000000e+00
1.428000030517578125e+02,0.000000000000000000e+00
1.428399963378906250e+02,0.000000000000000000e+00
1.428800048828125000e+02,0.000000000000000000e+00
1.429199981689453125e+02,0.000000000000000000e+00
1.429600067138671875e+02,0.000000000000000000e+00
1.430000000000000000e+02,0.000000000000000000e+00
1.430400085449218750e+02,0.000000000000000000e+00
1.430800018310546875e+02,0.000000000000000000e+00
1.431200103759765625e+02,0.000000000000000000e+00
1.431600036621093750e+02,0.000000000000000000e+00
1.431999969482421875e+02,0.000000000000000000e+00
1.432400054931640625e+02,0.000000000000000000e+00
1.432799987792968750e+02,0.000000000000000000e+00
1.433200073242187500e+02,0.000000000000000000e+00
1.433600006103515625e+02,0.000000000000000000e+00
1.434000091552734375e+02,0.000000000000000000e+00
1.434400024414062500e+02,0.000000000000000000e+00
1.434799957275390625e+02,0.000000000000000000e+00
1.435200042724609375e+02,0.000000000000000000e+00
1.435599975585937500e+02,0.000000000000000000e+00
1.436000061035156250e+02,0.000000000000000000e+00
1.436399993896484375e+02,0.000000000000000000e+00
1.436800079345703125e+02,0.000000000000000000e+00
1.437200012207031250e+02,0.000000000000000000e+00
1.437600097656250000e+02,0.000000000000000000e+00
1.438000030517578125e+02,0.000000000000000000e+00
1.438399963378906250e+02,0.000000000000000000e+00
1.438800048828125000e+02,0.000000000000000000e+00
1.439199981689453125e+02,0.000000000000000000e+00
1.439600067138671875e+02,0.000000000000000000e+00
1.440000000000000000e+02,0.000000000000000000e+00
1.440400085449218750e+02,0.000000000000000000e+00
1.440800018310546875e+02,0.000000000000000000e+00
1.441200103759765625e+02,0.000000000000000000e+00
1.441600036621093750e+02,0.000000000000000000e+00
1.441999969482421875e+02,0.000000000000000000e+00
1.442400054931640625e+02,0.000000000000000000e+00
1.442799987792968750e+02,0.000000000000000000e+00
1.443200073242187500e+02,0.000000000000000000e+00
1.443600006103515625e+02,0.000000000000000000e+00
1.444000091552734375e+02,0.000000000000000000e+00
1.444400024414062500e+02,0.000000000000000000e+00
1.444799957275390625e+02,0.000000000000000000e+00
1.445200042724609375e+02,0.000000000000000000e+00
1.445599975585937500e+02,0.000000000000000000e+00
1.446000061035156250e+02,0.000000000000000000e+00
1.446399993896484375e+02,0.000000000000000000e+00
1.446800079345703125e+02,0.000000000000000000e+00
1.447200012207031250e+02,0.000000000000000000e+00
1.447600097656250000e+02,0.000000000000000000e+00
1.448000030517578125e+02,0.000000000000000000e+00
1.448399963378906250e+02,0.000000000000000000e+00
1.448800048828125000e+02,0.000000000000000000e+00
1.449199981689453125e+02,0.000000000000000000e+00
1.449600067138671875e+02,0.000000000000000000e+00
1.450000000000000000e+02,0.000000000000000000e+00
1.450400085449218750e+02,0.000000000000000000e+00
1.450800018310546875e+02,0.000000000000000000e+00
1.451200103759765625e+02,0.000000000000000000e+00
1.451600036621093750e+02,0.000000000000000000e+00
1.451999969482421875e+02,0.000000000000000000e+00
1.452400054931640625e+02,0.000000000000000000e+00
1.452799987792968750e+02,0.000000000000000000e+00
1.453200073242187500e+02,0.000000000000000000e+00
1.453600006103515625e+02,0.000000000000000000e+00
1.454000091552734375e+02,0.000000000000000000e+00
1.454400024414062500e+02,0.000000000000000000e+00
1.454799957275390625e+02,0.000000000000000000e+00
1.455200042724609375e+02,0.000000000000000000e+00
1.455599975585937500e+02,0.000000000000000000e+00
1.456000061035156250e+02,0.000000000000000000e+00
1.456399993896484375e+02,0.000000000000000000e+00
1.456800079345703125e+02,0.000000000000000000e+00
1.457200012207031250e+02,0.000000000000000000e+00
1.457600097656250000e+02,0.000000000000000000e+00
1.458000030517578125e+02,0.000000000000000000e+00
1.458399963378906250e+02,0.000000000000000000e+00
1.458800048828125000e+02,0.000000000000000000e+00
1.459199981689453125e+02,0.000000000000000000e+00
1.459600067138671875e+02,0.000000000000000000e+00
1.460000000000000000e+02,0.000000000000000000e+00
1.460400085449218750e+02,0.000000000000000000e+00
1.460800018310546875e+02,0.000000000000000000e+00
1.461200103759765625e+02,0.000000000000000000e+00
1.461600036621093750e+02,0.000000000000000000e+00
1.461999969482421875e+02,0.000000000000000000e+00
1.462400054931640625e+02,0.000000000000000000e+00
1.462799987792968750e+02,0.000000000000000000e+00
1.463200073242187500e+02,0.000000000000000000e+00
1.463600006103515625e+02,0.000000000000000000e+00
1.464000091552734375e+02,0.000000000000000000e+00
1.464400024414062500e+02,0.000000000000000000e+00
1.464799957275390625e+02,0.000000000000000000e+00
1.465200042724609375e+02,0.000000000000000000e+00
1.465599975585937500e+02,0.000000000000000000e+00
1.466000061035156250e+02,0.000000000000000000e+00
1.466399993896484375e+02,0.000000000000000000e+00
1.466800079345703125e+02,0.000000000000000000e+00
1.467200012207031250e+02,0.000000000000000000e+00
1.467600097656250000e+02,0.000000000000000000e+00
1.468000030517578125e+02,0.000000000000000000e+00
1.468399963378906250e+02,0.000000000000000000e+00
1.468800048828125000e+02,0.000000000000000000e+00
1.469199981689453125e+02,0.000000000000000000e+00
1.469600067138671875e+02,0.000000000000000000e+00
1.470000000000000000e+02,0.000000000000000000e+00
1.470400085449218750e+02,0.000000000000000000e+00
1.470800018310546875e+02,0.000000000000000000e+00
1.471200103759765625e+02,0.000000000000000000e+00
1.471600036621093750e+02,0.000000000000000000e+00
1.471999969482421875e+02,0.000000000000000000e+00
1.472400054931640625e+02,0.000000000000000000e+00
1.472799987792968750e+02,0.000000000000000000e+00
1.473200073242187500e+02,0.000000000000000000e+00
1.473600006103515625e+02,0.000000000000000000e+00
1.474000091552734375e+02,0.000000000000000000e+00
1.474400024414062500e+02,0.000000000000000000e+00
1.474799957275390625e+02,0.000000000000000000e+00
1.475200042724609375e+02,0.000000000000000000e+00
1.475599975585937500e+02,0.000000000000000000e+00
1.476000061035156250e+02,0.000000000000000000e+00
1.476399993896484375e+02,0.000000000000000000e+00
1.476800079345703125e+02,0.000000000000000000e+00
1.477200012207031250e+02,0.000000000000000000e+00
1.477600097656250000e+02,0.000000000000000000e+00
1.478000030517578125e+02,0.000000000000000000e+00
1.478399963378906250e+02,0.000000000000000000e+00
1.478800048828125000e+02,0.000000000000000000e+00
1.479199981689453125e+02,0.000000000000000000e+00
1.479600067138671875e+02,0.000000000000000000e+00
1.480000000000000000e+02,0.000000000000000000e+00
1.480400085449218750e+02,0.000000000000000000e+00
1.480800018310546875e+02,0.000000000000000000e+00
1.481200103759765625e+02,0.000000000000000000e+00
1.481600036621093750e+02,0.000000000000000000e+00
1.481999969482421875e+02,0.000000000000000000e+00
1.482400054931640625e+02,0.000000000000000000e+00
1.482799987792968750e+02,0.000000000000000000e+00
1.483200073242187500e+02,0.000000000000000000e+00
1.483600006103515625e+02,0.000000000000000000e+00
1.484000091552734375e+02,0.000000000000000000e+00
1.484400024414062500e+02,0.000000000000000000e+00
1.484799957275390625e+02,0.000000000000000000e+00
1.485200042724609375e+02,0.000000000000000000e+00
1.485599975585937500e+02,0.000000000000000000e+00
1.486000061035156250e+02,0.000000000000000000e+00
1.486399993896484375e+02,0.000000000000000000e+00
1.486800079345703125e+02,0.000000000000000000e+00
1.487200012207031250e+02,0.000000000000000000e+00
1.487600097656250000e+02,0.000000000000000000e+00
1.488000030517578125e+02,0.000000000000000000e+00
1.488399963378906250e+02,0.000000000000000000e+00
1.488800048828125000e+02,0.000000000000000000e+00
1.489199981689453125e+02,0.000000000000000000e+00
1.489600067138671875e+02,0.000000000000000000e+00
1.490000000000000000e+02,0.000000000000000000e+00
1.490400085449218750e+02,0.000000000000000000e+00
1.490800018310546875e+02,0.000000000000000000e+00
1.491200103759765625e+02,0.000000000000000000e+00
1.491600036621093750e+02,0.000000000000000000e+00
1.491999969482421875e+02,0.000000000000000000e+00
1.492400054931640625e+02,0.000000000000000000e+00
1.492799987792968750e+02,0.000000000000000000e+00
1.493200073242187500e+02,0.000000000000000000e+00
1.493600006103515625e+02,0.000000000000000000e+00
1.494000091552734375e+02,0.000000000000000000e+00
1.494400024414062500e+02,0.000000000000000000e+00
1.494799957275390625e+02,0.000000000000000000e+00
1.495200042724609375e+02,0.000000000000000000e+00
1.495599975585937500e+02,0.000000000000000000e+00
1.496000061035156250e+02,0.000000000000000000e+00
1.496399993896484375e+02,0.000000000000000000e+00
1.496800079345703125e+02,0.000000000000000000e+00
1.497200012207031250e+02,0.000000000000000000e+00
1.497600097656250000e+02,0.000000000000000000e+00
1.498000030517578125e+02,0.000000000000000000e+00
1.498399963378906250e+02,0.000000000000000000e+00
1.498800048828125000e+02,0.000000000000000000e+00
1.499199981689453125e+02,0.000000000000000000e+00
1.499600067138671875e+02,0.000000000000000000e+00
1.500000000000000000e+02,0.000000000000000000e+00
1.500400085449218750e+02,0.000000000000000000e+00
1.500800018310546875e+02,0.000000000000000000e+00
1.501200103759765625e+02,0.000000000000000000e+00
1.501600036621093750e+02,0.000000000000000000e+00
1.501999969482421875e+02,0.000000000000000000e+00
1.502400054931640625e+02,0.000000000000000000e+00
1.502799987792968750e+02,0.000000000000000000e+00
1.503200073242187500e+02,0.000000000000000000e+00
1.503600006103515625e+02,0.000000000000000000e+00
1.504000091552734375e+02,0.000000000000000000e+00
1.504400024414062500e+02,0.000000000000000000e+00
1.504799957275390625e+02,0.000000000000000000e+00
1.505200042724609375e+02,0.000000000000000000e+00
1.505599975585937500e+02,0.000000000000000000e+00
1.506000061035156250e+02,0.000000000000000000e+00
1.506399993896484375e+02,0.000000000000000000e+00
1.506800079345703125e+02,0.000000000000000000e+00
1.507200012207031250e+02,0.000000000000000000e+00
1.507600097656250000e+02,0.000000000000000000e+00
1.508000030517578125e+02,0.000000000000000000e+00
1.508399963378906250e+02,0.000000000000000000e+00
1.508800048828125000e+02,0.000000000000000000e+00
1.509199981689453125e+02,0.000000000000000000e+00
1.509600067138671875e+02,0.000000000000000000e+00
1.510000000000000000e+02,0.000000000000000000e+00
1.510400085449218750e+02,0.000000000000000000e+00
1.510800018310546875e+02,0.000000000000000000e+00
1.511200103759765625e+02,0.000000000000000000e+00
1.511600036621093750e+02,0.000000000000000000e+00
1.511999969482421875e+02,0.000000000000000000e+00
1.512400054931640625e+02,0.000000000000000000e+00
1.512799987792968750e+02,0.000000000000000000e+00
1.513200073242187500e+02,0.000000000000000000e+00
1.513600006103515625e+02,0.000000000000000000e+00
1.514000091552734375e+02,0.000000000000000000e+00
1.514400024414062500e+02,0.000000000000000000e+00
1.514799957275390625e+02,0.000000000000000000e+00
1.515200042724609375e+02,0.000000000000000000e+00
1.515599975585937500e+02,0.000000000000000000e+00
1.516000061035156250e+02,0.000000000000000000e+00
1.516399993896484375e+02,0.000000000000000000e+00
1.516800079345703125e+02,0.000000000000000000e+00
1.517200012207031250e+02,0.000000000000000000e+00
1.517600097656250000e+02,0.000000000000000000e+00
1.518000030517578125e+02,0.000000000000000000e+00
1.518399963378906250e+02,0.000000000000000000e+00
1.518800048828125000e+02,0.000000000000000000e+00
1.519199981689453125e+02,0.000000000000000000e+00
1.519600067138671875e+02,0.000000000000000000e+00
1.520000000000000000e+02,0.000000000000000000e+00
1.520400085449218750e+02,0.000000000000000000e+00
1.520800018310546875e+02,0.000000000000000000e+00
1.521199951171875000e+02,0.000000000000000000e+00
1.521600036621093750e+02,0.000000000000000000e+00
1.521999969482421875e+02,0.000000000000000000e+00
1.522400054931640625e+02,0.000000000000000000e+00
1.522799987792968750e+02,0.000000000000000000e+00
1.523200073242187500e+02,0.000000000000000000e+00
1.523600006103515625e+02,0.000000000000000000e+00
1.524000091552734375e+02,0.000000000000000000e+00
1.524400024414062500e+02,0.000000000000000000e+00
1.524799957275390625e+02,0.000000000000000000e+00
1.525200042724609375e+02,0.000000000000000000e+00
1.525599975585937500e+02,0.000000000000000000e+00
1.526000061035156250e+02,0.000000000000000000e+00
1.526399993896484375e+02,0.000000000000000000e+00
1.526800079345703125e+02,0.000000000000000000e+00
1.527200012207031250e+02,0.000000000000000000e+00
1.527600097656250000e+02,0.000000000000000000e+00
1.528000030517578125e+02,0.000000000000000000e+00
1.528399963378906250e+02,0.000000000000000000e+00
1.528800048828125000e+02,0.000000000000000000e+00
1.529199981689453125e+02,0.000000000000000000e+00
1.529600067138671875e+02,0.000000000000000000e+00
1.530000000000000000e+02,0.000000000000000000e+00
1.530400085449218750e+02,0.000000000000000000e+00
1.530800018310546875e+02,0.000000000000000000e+00
1.531199951171875000e+02,0.000000000000000000e+00
1.531600036621093750e+02,0.000000000000000000e+00
1.531999969482421875e+02,0.000000000000000000e+00
1.532400054931640625e+02,0.000000000000000000e+00
1.532799987792968750e+02,0.000000000000000000e+00
1.533200073242187500e+02,0.000000000000000000e+00
1.533600006103515625e+02,0.000000000000000000e+00
1.534000091552734375e+02,0.000000000000000000e+00
1.534400024414062500e+02,0.000000000000000000e+00
1.534799957275390625e+02,0.000000000000000000e+00
1.535200042724609375e+02,0.000000000000000000e+00
1.535599975585937500e+02,0.000000000000000000e+00
1.536000061035156250e+02,0.000000000000000000e+00
1.536399993896484375e+02,0.000000000000000000e+00
1.536800079345703125e+02,0.000000000000000000e+00
1.537200012207031250e+02,0.000000000000000000e+00
1.537600097656250000e+02,0.000000000000000000e+00
1.538000030517578125e+02,0.000000000000000000e+00
1.538399963378906250e+02,0.000000000000000000e+00
1.538800048828125000e+02,0.000000000000000000e+00
1.539199981689453125e+02,0.000000000000000000e+00
1.539600067138671875e+02,0.000000000000000000e+00
1.540000000000000000e+02,0.000000000000000000e+00
1.540400085449218750e+02,0.000000000000000000e+00
1.540800018310546875e+02,0.000000000000000000e+00
1.541199951171875000e+02,0.000000000000000000e+00
1.541600036621093750e+02,0.000000000000000000e+00
1.541999969482421875e+02,0.000000000000000000e+00
1.542400054931640625e+02,0.000000000000000000e+00
1.542799987792968750e+02,0.000000000000000000e+00
1.543200073242187500e+02,0.000000000000000000e+00
1.543600006103515625e+02,0.000000000000000000e+00
1.544000091552734375e+02,0.000000000000000000e+00
1.544400024414062500e+02,0.000000000000000000e+00
1.544799957275390625e+02,0.000000000000000000e+00
1.545200042724609375e+02,0.000000000000000000e+00
1.545599975585937500e+02,0.000000000000000000e+00
1.546000061035156250e+02,0.000000000000000000e+00
1.546399993896484375e+02,0.000000000000000000e+00
1.546800079345703125e+02,0.000000000000000000e+00
1.547200012207031250e+02,0.000000000000000000e+00
1.547600097656250000e+02,0.000000000000000000e+00
1.548000030517578125e+02,0.000000000000000000e+00
1.548399963378906250e+02,0.000000000000000000e+00
1.548800048828125000e+02,0.000000000000000000e+00
1.549199981689453125e+02,0.000000000000000000e+00
1.549600067138671875e+02,0.000000000000000000e+00
1.550000000000000000e+02,0.000000000000000000e+00
1.550400085449218750e+02,0.000000000000000000e+00
1.550800018310546875e+02,0.000000000000000000e+00
1.551199951171875000e+02,0.000000000000000000e+00
1.551600036621093750e+02,0.000000000000000000e+00
1.551999969482421875e+02,0.000000000000000000e+00
1.552400054931640625e+02,0.000000000000000000e+00
1.552799987792968750e+02,0.000000000000000000e+00
1.553200073242187500e+02,0.000000000000000000e+00
1.553600006103515625e+02,0.000000000000000000e+00
1.554000091552734375e+02,0.000000000000000000e+00
1.554400024414062500e+02,0.000000000000000000e+00
1.554799957275390625e+02,0.000000000000000000e+00
1.555200042724609375e+02,0.000000000000000000e+00
1.555599975585937500e+02,0.000000000000000000e+00
1.556000061035156250e+02,0.000000000000000000e+00
1.556399993896484375e+02,0.000000000000000000e+00
1.556800079345703125e+02,0.000000000000000000e+00
1.557200012207031250e+02,0.000000000000000000e+00
1.557600097656250000e+02,0.000000000000000000e+00
1.558000030517578125e+02,0.000000000000000000e+00
1.558399963378906250e+02,0.000000000000000000e+00
1.558800048828125000e+02,0.000000000000000000e+00
1.559199981689453125e+02,0.000000000000000000e+00
1.559600067138671875e+02,0.000000000000000000e+00
1.560000000000000000e+02,0.000000000000000000e+00
1.560400085449218750e+02,0.000000000000000000e+00
1.560800018310546875e+02,0.000000000000000000e+00
1.561199951171875000e+02,0.000000000000000000e+00
1.561600036621093750e+02,0.000000000000000000e+00
1.561999969482421875e+02,0.000000000000000000e+00
1.562400054931640625e+02,0.000000000000000000e+00
1.562799987792968750e+02,0.000000000000000000e+00
1.563200073242187500e+02,0.000000000000000000e+00
1.563600006103515625e+02,0.000000000000000000e+00
1.564000091552734375e+02,0.000000000000000000e+00
1.564400024414062500e+02,0.000000000000000000e+00
1.564799957275390625e+02,0.000000000000000000e+00
1.565200042724609375e+02,0.000000000000000000e+00
1.565599975585937500e+02,0.000000000000000000e+00
1.566000061035156250e+02,0.000000000000000000e+00
1.566399993896484375e+02,0.000000000000000000e+00
1.566800079345703125e+02,0.000000000000000000e+00
1.567200012207031250e+02,0.000000000000000000e+00
1.567600097656250000e+02,0.000000000000000000e+00
1.568000030517578125e+02,0.000000000000000000e+00
1.568399963378906250e+02,0.000000000000000000e+00
1.568800048828125000e+02,0.000000000000000000e+00
1.569199981689453125e+02,0.000000000000000000e+00
1.569600067138671875e+02,0.000000000000000000e+00
1.570000000000000000e+02,0.000000000000000000e+00
1.570400085449218750e+02,0.000000000000000000e+00
1.570800018310546875e+02,0.000000000000000000e+00
1.571199951171875000e+02,0.000000000000000000e+00
1.571600036621093750e+02,0.000000000000000000e+00
1.571999969482421875e+02,0.000000000000000000e+00
1.572400054931640625e+02,0.000000000000000000e+00
1.572799987792968750e+02,0.000000000000000000e+00
1.573200073242187500e+02,0.000000000000000000e+00
1.573600006103515625e+02,0.000000000000000000e+00
1.574000091552734375e+02,0.000000000000000000e+00
1.574400024414062500e+02,0.000000000000000000e+00
1.574799957275390625e+02,0.000000000000000000e+00
1.575200042724609375e+02,0.000000000000000000e+00
1.575599975585937500e+02,0.000000000000000000e+00
1.576000061035156250e+02,0.000000000000000000e+00
1.576399993896484375e+02,0.000000000000000000e+00
1.576800079345703125e+02,0.000000000000000000e+00
1.577200012207031250e+02,0.000000000000000000e+00
1.577600097656250000e+02,0.000000000000000000e+00
1.578000030517578125e+02,0.000000000000000000e+00
1.578399963378906250e+02,0.000000000000000000e+00
1.578800048828125000e+02,0.000000000000000000e+00
1.579199981689453125e+02,0.000000000000000000e+00
1.579600067138671875e+02,0.000000000000000000e+00
1.580000000000000000e+02,0.000000000000000000e+00
1.580400085449218750e+02,0.000000000000000000e+00
1.580800018310546875e+02,0.000000000000000000e+00
1.581199951171875000e+02,0.000000000000000000e+00
1.581600036621093750e+02,0.000000000000000000e+00
1.581999969482421875e+02,0.000000000000000000e+00
1.582400054931640625e+02,0.000000000000000000e+00
1.582799987792968750e+02,0.000000000000000000e+00
1.583200073242187500e+02,0.000000000000000000e+00
1.583600006103515625e+02,0.000000000000000000e+00
1.584000091552734375e+02,0.000000000000000000e+00
1.584400024414062500e+02,0.000000000000000000e+00
1.584799957275390625e+02,0.000000000000000000e+00
1.585200042724609375e+02,0.000000000000000000e+00
1.585599975585937500e+02,0.000000000000000000e+00
1.586000061035156250e+02,0.000000000000000000e+00
1.586399993896484375e+02,0.000000000000000000e+00
1.586800079345703125e+02,0.000000000000000000e+00
1.587200012207031250e+02,0.000000000000000000e+00
1.587600097656250000e+02,0.000000000000000000e+00
1.588000030517578125e+02,0.000000000000000000e+00
1.588399963378906250e+02,0.000000000000000000e+00
1.588800048828125000e+02,0.000000000000000000e+00
1.589199981689453125e+02,0.000000000000000000e+00
1.589600067138671875e+02,0.000000000000000000e+00
1.590000000000000000e+02,0.000000000000000000e+00
1.590400085449218750e+02,0.000000000000000000e+00
1.590800018310546875e+02,0.000000000000000000e+00
1.591199951171875000e+02,0.000000000000000000e+00
1.591600036621093750e+02,0.000000000000000000e+00
1.591999969482421875e+02,0.000000000000000000e+00
1.592400054931640625e+02,0.000000000000000000e+00
1.592799987792968750e+02,0.000000000000000000e+00
1.593200073242187500e+02,0.000000000000000000e+00
1.593600006103515625e+02,0.000000000000000000e+00
1.594000091552734375e+02,0.000000000000000000e+00
1.594400024414062500e+02,0.000000000000000000e+00
1.594799957275390625e+02,0.000000000000000000e+00
1.595200042724609375e+02,0.000000000000000000e+00
1.595599975585937500e+02,0.000000000000000000e+00
1.596000061035156250e+02,0.000000000000000000e+00
1.596399993896484375e+02,0.000000000000000000e+00
1.596800079345703125e+02,0.000000000000000000e+00
1.597200012207031250e+02,0.000000000000000000e+00
1.597600097656250000e+02,0.000000000000000000e+00
1.598000030517578125e+02,0.000000000000000000e+00
1.598399963378906250e+02,0.000000000000000000e+00
1.598800048828125000e+02,0.000000000000000000e+00
1.599199981689453125e+02,0.000000000000000000e+00
1.599600067138671875e+02,0.000000000000000000e+00
1.600000000000000000e+02,0.000000000000000000e+00
1.600400085449218750e+02,0.000000000000000000e+00
1.600800018310546875e+02,0.000000000000000000e+00
1.601199951171875000e+02,0.000000000000000000e+00
1.601600036621093750e+02,0.000000000000000000e+00
1.601999969482421875e+02,0.000000000000000000e+00
1.602400054931640625e+02,0.000000000000000000e+00
1.602799987792968750e+02,0.000000000000000000e+00
1.603200073242187500e+02,0.000000000000000000e+00
1.603600006103515625e+02,0.000000000000000000e+00
1.604000091552734375e+02,0.000000000000000000e+00
1.604400024414062500e+02,0.000000000000000000e+00
1.604799957275390625e+02,0.000000000000000000e+00
1.605200042724609375e+02,0.000000000000000000e+00
1.605599975585937500e+02,0.000000000000000000e+00
1.606000061035156250e+02,0.000000000000000000e+00
1.606399993896484375e+02,0.000000000000000000e+00
1.606800079345703125e+02,0.000000000000000000e+00
1.607200012207031250e+02,0.000000000000000000e+00
1.607600097656250000e+02,0.000000000000000000e+00
1.608000030517578125e+02,0.000000000000000000e+00
1.608399963378906250e+02,0.000000000000000000e+00
1.608800048828125000e+02,0.000000000000000000e+00
1.609199981689453125e+02,0.000000000000000000e+00
1.609600067138671875e+02,0.000000000000000000e+00
1.610000000000000000e+02,0.000000000000000000e+00
1.610400085449218750e+02,0.000000000000000000e+00
1.610800018310546875e+02,0.000000000000000000e+00
1.611199951171875000e+02,0.000000000000000000e+00
1.611600036621093750e+02,0.000000000000000000e+00
1.611999969482421875e+02,0.000000000000000000e+00
1.612400054931640625e+02,0.000000000000000000e+00
1.612799987792968750e+02,0.000000000000000000e+00
1.613200073242187500e+02,0.000000000000000000e+00
1.613600006103515625e+02,0.000000000000000000e+00
1.614000091552734375e+02,0.000000000000000000e+00
1.614400024414062500e+02,0.000000000000000000e+00
1.614799957275390625e+02,0.000000000000000000e+00
1.615200042724609375e+02,0.000000000000000000e+00
1.615599975585937500e+02,0.000000000000000000e+00
1.616000061035156250e+02,0.000000000000000000e+00
1.616399993896484375e+02,0.000000000000000000e+00
1.616800079345703125e+02,0.000000000000000000e+00
1.617200012207031250e+02,0.000000000000000000e+00
1.617600097656250000e+02,0.000000000000000000e+00
1.618000030517578125e+02,0.000000000000000000e+00
1.618399963378906250e+02,0.000000000000000000e+00
1.618800048828125000e+02,0.000000000000000000e+00
1.619199981689453125e+02,0.000000000000000000e+00
1.619600067138671875e+02,0.000000000000000000e+00
1.620000000000000000e+02,0.000000000000000000e+00
1.620400085449218750e+02,0.000000000000000000e+00
1.620800018310546875e+02,0.000000000000000000e+00
1.621199951171875000e+02,0.000000000000000000e+00
1.621600036621093750e+02,0.000000000000000000e+00
1.621999969482421875e+02,0.000000000000000000e+00
1.622400054931640625e+02,0.000000000000000000e+00
1.622799987792968750e+02,0.000000000000000000e+00
1.623200073242187500e+02,0.000000000000000000e+00
1.623600006103515625e+02,0.000000000000000000e+00
1.624000091552734375e+02,0.000000000000000000e+00
1.624400024414062500e+02,0.000000000000000000e+00
1.624799957275390625e+02,0.000000000000000000e+00
1.625200042724609375e+02,0.000000000000000000e+00
1.625599975585937500e+02,0.000000000000000000e+00
1.626000061035156250e+02,0.000000000000000000e+00
1.626399993896484375e+02,0.000000000000000000e+00
1.626800079345703125e+02,0.000000000000000000e+00
1.627200012207031250e+02,0.000000000000000000e+00
1.627600097656250000e+02,0.000000000000000000e+00
1.628000030517578125e+02,0.000000000000000000e+00
1.628399963378906250e+02,0.000000000000000000e+00
1.628800048828125000e+02,0.000000000000000000e+00
1.629199981689453125e+02,0.000000000000000000e+00
1.629600067138671875e+02,0.000000000000000000e+00
1.630000000000000000e+02,0.000000000000000000e+00
1.630400085449218750e+02,0.000000000000000000e+00
1.630800018310546875e+02,0.000000000000000000e+00
1.631199951171875000e+02,0.000000000000000000e+00
1.631600036621093750e+02,0.000000000000000000e+00
1.631999969482421875e+02,0.000000000000000000e+00
1.632400054931640625e+02,0.000000000000000000e+00
1.632799987792968750e+02,0.000000000000000000e+00
1.633200073242187500e+02,0.000000000000000000e+00
1.633600006103515625e+02,0.000000000000000000e+00
1.634000091552734375e+02,0.000000000000000000e+00
1.634400024414062500e+02,0.000000000000000000e+00
1.634799957275390625e+02,0.000000000000000000e+00
1.635200042724609375e+02,0.000000000000000000e+00
1.635599975585937500e+02,0.000000000000000000e+00
1.636000061035156250e+02,0.000000000000000000e+00
1.636399993896484375e+02,0.000000000000000000e+00
1.636800079345703125e+02,0.000000000000000000e+00
1.637200012207031250e+02,0.000000000000000000e+00
1.637600097656250000e+02,0.000000000000000000e+00
1.638000030517578125e+02,0.000000000000000000e+00
1.638399963378906250e+02,0.000000000000000000e+00
1.638800048828125000e+02,0.000000000000000000e+00
1.639199981689453125e+02,0.000000000000000000e+00
1.639600067138671875e+02,0.000000000000000000e+00
1.640000000000000000e+02,0.000000000000000000e+00
1.640400085449218750e+02,0.000000000000000000e+00
1.640800018310546875e+02,0.000000000000000000e+00
1.641199951171875000e+02,0.000000000000000000e+00
1.641600036621093750e+02,0.000000000000000000e+00
1.641999969482421875e+02,0.000000000000000000e+00
1.642400054931640625e+02,0.000000000000000000e+00
1.642799987792968750e+02,0.000000000000000000e+00
1.643200073242187500e+02,0.000000000000000000e+00
1.643600006103515625e+02,0.000000000000000000e+00
1.644000091552734375e+02,0.000000000000000000e+00
1.644400024414062500e+02,0.000000000000000000e+00
1.644799957275390625e+02,0.000000000000000000e+00
1.645200042724609375e+02,0.000000000000000000e+00
1.645599975585937500e+02,0.000000000000000000e+00
1.646000061035156250e+02,0.000000000000000000e+00
1.646399993896484375e+02,0.000000000000000000e+00
1.646800079345703125e+02,0.000000000000000000e+00
1.647200012207031250e+02,0.000000000000000000e+00
1.647600097656250000e+02,0.000000000000000000e+00
1.648000030517578125e+02,0.000000000000000000e+00
1.648399963378906250e+02,0.000000000000000000e+00
1.648800048828125000e+02,0.000000000000000000e+00
1.649199981689453125e+02,0.000000000000000000e+00
1.649600067138671875e+02,0.000000000000000000e+00
1.650000000000000000e+02,0.000000000000000000e+00
1.650400085449218750e+02,0.000000000000000000e+00
1.650800018310546875e+02,0.000000000000000000e+00
1.651199951171875000e+02,0.000000000000000000e+00
1.651600036621093750e+02,0.000000000000000000e+00
1.651999969482421875e+02,0.000000000000000000e+00
1.652400054931640625e+02,0.000000000000000000e+00
1.652799987792968750e+02,0.000000000000000000e+00
1.653200073242187500e+02,0.000000000000000000e+00
1.653600006103515625e+02,0.000000000000000000e+00
1.654000091552734375e+02,0.000000000000000000e+00
