# Start of Energy Bin (keV), Effective Area (cm^2)
1.600000023841857910e+00,1.243008613586425781e+00
1.639999985694885254e+00,1.691951394081115723e+00
1.680000066757202148e+00,2.296716451644897461e+00
1.720000028610229492e+00,3.109758138656616211e+00
1.759999990463256836e+00,4.143577098846435547e+00
1.799999952316284180e+00,5.168328285217285156e+00
1.840000033378601074e+00,3.192076921463012695e+00
1.879999995231628418e+00,3.997004508972167969e+00
1.920000076293945312e+00,5.110076427459716797e+00
1.960000038146972656e+00,6.337968349456787109e+00
2.000000000000000000e+00,7.724457740783691406e+00
2.039999961853027344e+00,9.330053329467773438e+00
2.079999923706054688e+00,1.125785636901855469e+01
2.119999885559082031e+00,1.064075756072998047e+01
2.160000085830688477e+00,1.222054862976074219e+01
2.200000047683715820e+00,1.285174751281738281e+01
2.240000009536743164e+00,1.459360790252685547e+01
2.279999971389770508e+00,1.661984443664550781e+01
2.319999933242797852e+00,1.910316467285156250e+01
2.360000133514404297e+00,2.150489616394042969e+01
2.400000095367431641e+00,2.379754638671875000e+01
2.440000057220458984e+00,2.636907386779785156e+01
2.480000019073486328e+00,2.933749198913574219e+01
2.519999980926513672e+00,3.285371398925781250e+01
2.559999942779541016e+00,3.668806457519531250e+01
2.599999904632568359e+00,4.013010406494140625e+01
2.639999866485595703e+00,4.114621353149414062e+01
2.679999828338623047e+00,4.459620285034179688e+01
2.720000028610229492e+00,4.829738235473632812e+01
2.759999990463256836e+00,5.228009033203125000e+01
2.799999952316284180e+00,5.655178070068359375e+01
2.840000152587890625e+00,6.094585418701171875e+01
2.880000114440917969e+00,6.471106719970703125e+01
2.920000076293945312e+00,6.864121246337890625e+01
2.960000038146972656e+00,7.278791809082031250e+01
3.000000000000000000e+00,7.728281402587890625e+01
3.039999961853027344e+00,8.022070312500000000e+01
3.079999923706054688e+00,8.488480377197265625e+01
3.119999885559082031e+00,8.971791839599609375e+01
3.159999847412109375e+00,9.375804901123046875e+01
3.199999809265136719e+00,9.793023681640625000e+01
3.240000009536743164e+00,1.022406387329101562e+02
3.279999971389770508e+00,1.055309524536132812e+02
3.319999933242797852e+00,1.106900253295898438e+02
3.360000133514404297e+00,1.160644989013671875e+02
3.400000095367431641e+00,1.216466674804687500e+02
3.440000057220458984e+00,1.260458526611328125e+02
3.480000019073486328e+00,1.292525024414062500e+02
3.519999980926513672e+00,1.237454681396484375e+02
3.559999942779541016e+00,1.269246978759765625e+02
3.599999904632568359e+00,1.302331390380859375e+02
3.639999866485595703e+00,1.335848999023437500e+02
3.679999828338623047e+00,1.369841918945312500e+02
3.719999790191650391e+00,1.359108734130859375e+02
3.759999752044677734e+00,1.394119110107421875e+02
3.800000190734863281e+00,1.424580383300781250e+02
3.840000152587890625e+00,1.451945190429687500e+02
3.880000114440917969e+00,1.479358215332031250e+02
3.920000076293945312e+00,1.513789520263671875e+02
3.960000038146972656e+00,1.550878753662109375e+02
4.000000000000000000e+00,1.564171295166015625e+02
4.039999961853027344e+00,1.600302124023437500e+02
4.079999923706054688e+00,1.636817932128906250e+02
4.119999885559082031e+00,1.673657073974609375e+02
4.159999847412109375e+00,1.710467681884765625e+02
4.199999809265136719e+00,1.741923980712890625e+02
4.239999771118164062e+00,1.773526763916015625e+02
4.279999732971191406e+00,1.805367279052734375e+02
4.320000171661376953e+00,1.756377716064453125e+02
4.360000133514404297e+00,1.759821014404296875e+02
4.400000095367431641e+00,1.787310485839843750e+02
4.440000057220458984e+00,1.814959411621093750e+02
4.480000019073486328e+00,1.842942810058593750e+02
4.519999980926513672e+00,1.871066131591796875e+02
4.559999942779541016e+00,1.899111328125000000e+02
4.599999904632568359e+00,1.867949218750000000e+02
4.639999866485595703e+00,1.893702697753906250e+02
4.679999828338623047e+00,1.916636199951171875e+02
4.719999790191650391e+00,1.939595031738281250e+02
4.759999752044677734e+00,1.962545928955078125e+02
4.799999713897705078e+00,1.985505218505859375e+02
4.840000152587890625e+00,2.008334045410156250e+02
4.880000114440917969e+00,2.031101837158203125e+02
4.920000076293945312e+00,2.026579284667968750e+02
4.960000038146972656e+00,2.049314880371093750e+02
5.000000000000000000e+00,2.071488037109375000e+02
5.039999961853027344e+00,2.095350799560546875e+02
5.079999923706054688e+00,2.118093872070312500e+02
5.119999885559082031e+00,2.140760192871093750e+02
5.159999847412109375e+00,2.163370666503906250e+02
5.199999809265136719e+00,2.185897521972656250e+02
5.239999771118164062e+00,2.208362121582031250e+02
5.279999732971191406e+00,2.230829620361328125e+02
5.320000171661376953e+00,2.253289642333984375e+02
5.360000133514404297e+00,2.275748291015625000e+02
5.400000095367431641e+00,2.298164520263671875e+02
5.440000057220458984e+00,2.320511322021484375e+02
5.480000019073486328e+00,2.342835998535156250e+02
5.519999980926513672e+00,2.365140991210937500e+02
5.559999942779541016e+00,2.385866699218750000e+02
5.599999904632568359e+00,2.404925994873046875e+02
5.639999866485595703e+00,2.423910217285156250e+02
5.679999828338623047e+00,2.442841491699218750e+02
5.719999790191650391e+00,2.461822814941406250e+02
5.759999752044677734e+00,2.480757598876953125e+02
5.799999713897705078e+00,2.499451599121093750e+02
5.839999675750732422e+00,2.517916107177734375e+02
5.879999637603759766e+00,2.536329040527343750e+02
5.919999599456787109e+00,2.554506835937500000e+02
5.960000038146972656e+00,2.572628173828125000e+02
6.000000000000000000e+00,2.589230651855468750e+02
6.039999961853027344e+00,2.604283447265625000e+02
6.079999923706054688e+00,2.619256591796875000e+02
6.119999885559082031e+00,2.633128662109375000e+02
6.159999847412109375e+00,2.646112670898437500e+02
6.199999809265136719e+00,2.659107666015625000e+02
6.239999771118164062e+00,2.672124938964843750e+02
6.279999732971191406e+00,2.685064086914062500e+02
6.319999694824218750e+00,2.697863159179687500e+02
6.359999656677246094e+00,2.710581665039062500e+02
6.399999618530273438e+00,2.723167724609375000e+02
6.439999580383300781e+00,2.735625305175781250e+02
6.480000019073486328e+00,2.748009643554687500e+02
6.519999980926513672e+00,2.760288696289062500e+02
6.559999942779541016e+00,2.772498168945312500e+02
6.599999904632568359e+00,2.784587097167968750e+02
6.639999866485595703e+00,2.796557312011718750e+02
6.679999828338623047e+00,2.808459472656250000e+02
6.719999790191650391e+00,2.819679260253906250e+02
6.759999752044677734e+00,2.829677124023437500e+02
6.799999713897705078e+00,2.839497680664062500e+02
6.839999675750732422e+00,2.849146118164062500e+02
6.879999637603759766e+00,2.858724365234375000e+02
6.919999599456787109e+00,2.868339538574218750e+02
6.959999561309814453e+00,2.877889099121093750e+02
7.000000000000000000e+00,2.886648559570312500e+02
7.039999961853027344e+00,2.894609375000000000e+02
7.079999923706054688e+00,2.902516479492187500e+02
7.119999885559082031e+00,2.895026245117187500e+02
7.159999847412109375e+00,2.902732543945312500e+02
7.199999809265136719e+00,2.910641479492187500e+02
7.239999771118164062e+00,2.918764038085937500e+02
7.279999732971191406e+00,2.926827392578125000e+02
7.319999694824218750e+00,2.934635009765625000e+02
7.359999656677246094e+00,2.942380981445312500e+02
7.399999618530273438e+00,2.949990234375000000e+02
7.439999580383300781e+00,2.957463989257812500e+02
7.479999542236328125e+00,2.964883117675781250e+02
7.519999980926513672e+00,2.972439575195312500e+02
7.559999942779541016e+00,2.979942016601562500e+02
7.599999904632568359e+00,2.987319030761718750e+02
7.639999866485595703e+00,2.994567260742187500e+02
7.679999828338623047e+00,3.001768188476562500e+02
7.719999790191650391e+00,3.008850097656250000e+02
7.759999752044677734e+00,3.015888977050781250e+02
7.799999713897705078e+00,3.022820434570312500e+02
7.839999675750732422e+00,3.029636230468750000e+02
7.879999637603759766e+00,3.036405944824218750e+02
7.919999599456787109e+00,3.043094787597656250e+02
7.959999561309814453e+00,3.049737854003906250e+02
7.999999523162841797e+00,3.056162414550781250e+02
8.039999961853027344e+00,3.062370605468750000e+02
8.079999923706054688e+00,3.068537597656250000e+02
8.119999885559082031e+00,3.074700622558593750e+02
8.159999847412109375e+00,3.080036010742187500e+02
8.199999809265136719e+00,3.085222778320312500e+02
8.239999771118164062e+00,3.090281982421875000e+02
8.279999732971191406e+00,3.095357055664062500e+02
8.319999694824218750e+00,3.100374145507812500e+02
8.359999656677246094e+00,3.105353698730468750e+02
8.399999618530273438e+00,3.110152587890625000e+02
8.439999580383300781e+00,3.114779968261718750e+02
8.479999542236328125e+00,3.119370117187500000e+02
8.520000457763671875e+00,3.123924255371093750e+02
8.560000419616699219e+00,3.128441467285156250e+02
8.600000381469726562e+00,3.132703247070312500e+02
8.640000343322753906e+00,3.136707458496093750e+02
8.680000305175781250e+00,3.140675659179687500e+02
8.720000267028808594e+00,3.144607543945312500e+02
8.760000228881835938e+00,3.148505554199218750e+02
8.800000190734863281e+00,3.152054138183593750e+02
8.840000152587890625e+00,3.155253906250000000e+02
8.880000114440917969e+00,3.158418273925781250e+02
8.920000076293945312e+00,3.161574096679687500e+02
8.960000038146972656e+00,3.164256591796875000e+02
9.000000000000000000e+00,3.166190490722656250e+02
9.039999961853027344e+00,3.167620849609375000e+02
9.079999923706054688e+00,3.169015502929687500e+02
9.119999885559082031e+00,3.171010437011718750e+02
9.159999847412109375e+00,3.174652404785156250e+02
9.199999809265136719e+00,3.177604370117187500e+02
9.239999771118164062e+00,3.179863586425781250e+02
9.279999732971191406e+00,3.182088317871093750e+02
9.319999694824218750e+00,3.184017028808593750e+02
9.359999656677246094e+00,3.185910949707031250e+02
9.399999618530273438e+00,3.186943359375000000e+02
9.439999580383300781e+00,3.187110900878906250e+02
9.479999542236328125e+00,3.187242431640625000e+02
9.519999504089355469e+00,3.187172241210937500e+02
9.560000419616699219e+00,3.187070007324218750e+02
9.600000381469726562e+00,3.184309082031250000e+02
9.640000343322753906e+00,3.179680480957031250e+02
9.680000305175781250e+00,3.177397155761718750e+02
9.720000267028808594e+00,3.175466308593750000e+02
9.760000228881835938e+00,3.173497009277343750e+02
9.800000190734863281e+00,3.167329406738281250e+02
9.840000152587890625e+00,3.156866455078125000e+02
9.880000114440917969e+00,3.146074829101562500e+02
9.920000076293945312e+00,3.135176391601562500e+02
9.960000038146972656e+00,3.130321044921875000e+02
1.000000000000000000e+01,3.096344909667968750e+02
1.003999996185302734e+01,3.028673706054687500e+02
1.007999992370605469e+01,2.960617675781250000e+02
1.011999988555908203e+01,2.892226562500000000e+02
1.015999984741210938e+01,2.823465576171875000e+02
1.019999980926513672e+01,2.746859130859375000e+02
1.023999977111816406e+01,2.750669555664062500e+02
1.027999973297119141e+01,2.754371643066406250e+02
1.032000064849853516e+01,2.757841186523437500e+02
1.036000061035156250e+01,2.761206665039062500e+02
1.040000057220458984e+01,2.774717407226562500e+02
1.044000053405761719e+01,2.793821411132812500e+02
1.048000049591064453e+01,2.798784179687500000e+02
1.052000045776367188e+01,2.803789672851562500e+02
1.056000041961669922e+01,2.808734130859375000e+02
1.060000038146972656e+01,2.807474365234375000e+02
1.064000034332275391e+01,2.800050048828125000e+02
1.068000030517578125e+01,2.792608032226562500e+02
1.072000026702880859e+01,2.784969787597656250e+02
1.076000022888183594e+01,2.777318115234375000e+02
1.080000019073486328e+01,2.768444519042968750e+02
1.084000015258789062e+01,2.758171997070312500e+02
1.088000011444091797e+01,2.747810668945312500e+02
1.092000007629394531e+01,2.737439575195312500e+02
1.096000003814697266e+01,2.727070007324218750e+02
1.100000000000000000e+01,2.715573425292968750e+02
1.103999996185302734e+01,2.702954101562500000e+02
1.107999992370605469e+01,2.690348510742187500e+02
1.111999988555908203e+01,2.690299682617187500e+02
1.115999984741210938e+01,2.690221252441406250e+02
1.119999980926513672e+01,2.684852294921875000e+02
1.123999977111816406e+01,2.674164123535156250e+02
1.127999973297119141e+01,2.663402709960937500e+02
1.131999969482421875e+01,2.652458496093750000e+02
1.136000061035156250e+01,2.641445007324218750e+02
1.140000057220458984e+01,2.617287902832031250e+02
1.144000053405761719e+01,2.579903564453125000e+02
1.148000049591064453e+01,2.542330017089843750e+02
1.152000045776367188e+01,2.502240295410156250e+02
1.156000041961669922e+01,2.403508148193359375e+02
1.160000038146972656e+01,2.373184204101562500e+02
1.164000034332275391e+01,2.365120849609375000e+02
1.168000030517578125e+01,2.356981506347656250e+02
1.172000026702880859e+01,2.348684082031250000e+02
1.176000022888183594e+01,2.340285034179687500e+02
1.180000019073486328e+01,2.331079711914062500e+02
1.184000015258789062e+01,2.321113586425781250e+02
1.188000011444091797e+01,2.311133575439453125e+02
1.192000007629394531e+01,2.301135711669921875e+02
1.196000003814697266e+01,2.291052246093750000e+02
1.200000000000000000e+01,2.279351959228515625e+02
1.203999996185302734e+01,2.266039428710937500e+02
1.207999992370605469e+01,2.256724548339843750e+02
1.211999988555908203e+01,2.258961181640625000e+02
1.215999984741210938e+01,2.261190185546875000e+02
1.219999980926513672e+01,2.262782745361328125e+02
1.223999977111816406e+01,2.263736877441406250e+02
1.227999973297119141e+01,2.264681549072265625e+02
1.231999969482421875e+01,2.265679168701171875e+02
1.236000061035156250e+01,2.266669311523437500e+02
1.240000057220458984e+01,2.266521301269531250e+02
1.244000053405761719e+01,2.265241851806640625e+02
1.248000049591064453e+01,2.263951110839843750e+02
1.252000045776367188e+01,2.262597045898437500e+02
1.256000041961669922e+01,2.261235656738281250e+02
1.260000038146972656e+01,2.259164276123046875e+02
1.264000034332275391e+01,2.256385498046875000e+02
1.268000030517578125e+01,2.253598937988281250e+02
1.272000026702880859e+01,2.250788879394531250e+02
1.276000022888183594e+01,2.247969665527343750e+02
1.280000019073486328e+01,2.244674377441406250e+02
1.284000015258789062e+01,2.240902404785156250e+02
1.288000011444091797e+01,2.237129058837890625e+02
1.292000007629394531e+01,2.233348388671875000e+02
1.296000003814697266e+01,2.229560241699218750e+02
1.300000000000000000e+01,2.223537597656250000e+02
1.303999996185302734e+01,2.215284576416015625e+02
1.307999992370605469e+01,2.207032165527343750e+02
1.311999988555908203e+01,2.198699493408203125e+02
1.315999984741210938e+01,2.190339965820312500e+02
1.319999980926513672e+01,2.180685119628906250e+02
1.323999977111816406e+01,2.169743804931640625e+02
1.327999973297119141e+01,2.156327972412109375e+02
1.331999969482421875e+01,2.126848449707031250e+02
1.335999965667724609e+01,2.114096679687500000e+02
1.340000057220458984e+01,2.105171356201171875e+02
1.344000053405761719e+01,2.099432525634765625e+02
1.348000049591064453e+01,2.093686981201171875e+02
1.352000045776367188e+01,2.087931365966796875e+02
1.356000041961669922e+01,2.082170104980468750e+02
1.360000038146972656e+01,2.075772552490234375e+02
1.364000034332275391e+01,2.068743591308593750e+02
1.368000030517578125e+01,2.061705017089843750e+02
1.372000026702880859e+01,2.054662322998046875e+02
1.376000022888183594e+01,2.047613830566406250e+02
1.380000019073486328e+01,2.039908294677734375e+02
1.384000015258789062e+01,2.025793609619140625e+02
1.388000011444091797e+01,2.018050689697265625e+02
1.392000007629394531e+01,2.013469696044921875e+02
1.396000003814697266e+01,2.008894500732421875e+02
1.400000000000000000e+01,2.004790039062500000e+02
1.403999996185302734e+01,2.001156005859375000e+02
1.407999992370605469e+01,1.997515258789062500e+02
1.411999988555908203e+01,1.993798675537109375e+02
1.415999984741210938e+01,1.990077209472656250e+02
1.419999980926513672e+01,1.986310729980468750e+02
1.423999977111816406e+01,1.982500000000000000e+02
1.427999973297119141e+01,1.978684692382812500e+02
1.431999969482421875e+01,1.974922180175781250e+02
1.435999965667724609e+01,1.971156158447265625e+02
1.439999961853027344e+01,1.967145233154296875e+02
1.444000053405761719e+01,1.962832031250000000e+02
1.448000049591064453e+01,1.958518371582031250e+02
1.452000045776367188e+01,1.954096984863281250e+02
1.456000041961669922e+01,1.949673309326171875e+02
1.460000038146972656e+01,1.945173645019531250e+02
1.464000034332275391e+01,1.940596771240234375e+02
1.468000030517578125e+01,1.936019439697265625e+02
1.472000026702880859e+01,1.931552124023437500e+02
1.476000022888183594e+01,1.927083435058593750e+02
1.480000019073486328e+01,1.922570800781250000e+02
1.484000015258789062e+01,1.918013916015625000e+02
1.488000011444091797e+01,1.913452453613281250e+02
1.492000007629394531e+01,1.908867492675781250e+02
1.496000003814697266e+01,1.904282379150390625e+02
1.500000000000000000e+01,1.899669189453125000e+02
1.503999996185302734e+01,1.895029144287109375e+02
1.507999992370605469e+01,1.890388488769531250e+02
1.511999988555908203e+01,1.885691833496093750e+02
1.515999984741210938e+01,1.880995025634765625e+02
1.519999980926513672e+01,1.876243896484375000e+02
1.523999977111816406e+01,1.871437530517578125e+02
1.527999973297119141e+01,1.866631622314453125e+02
1.531999969482421875e+01,1.861863861083984375e+02
1.535999965667724609e+01,1.857095642089843750e+02
1.539999961853027344e+01,1.852330474853515625e+02
1.544000053405761719e+01,1.847568206787109375e+02
1.548000049591064453e+01,1.842806396484375000e+02
1.552000045776367188e+01,1.838051147460937500e+02
1.556000041961669922e+01,1.833294677734375000e+02
1.560000038146972656e+01,1.828638153076171875e+02
1.564000034332275391e+01,1.824080810546875000e+02
1.568000030517578125e+01,1.819522705078125000e+02
1.572000026702880859e+01,1.814908294677734375e+02
1.576000022888183594e+01,1.810293121337890625e+02
1.580000019073486328e+01,1.805584716796875000e+02
1.584000015258789062e+01,1.800782318115234375e+02
1.588000011444091797e+01,1.795945739746093750e+02
1.592000007629394531e+01,1.791194763183593750e+02
1.596000003814697266e+01,1.786443176269531250e+02
1.600000000000000000e+01,1.781714935302734375e+02
1.603999900817871094e+01,1.777009429931640625e+02
1.607999992370605469e+01,1.772303009033203125e+02
1.611999893188476562e+01,1.767589721679687500e+02
1.615999984741210938e+01,1.762874603271484375e+02
1.619999885559082031e+01,1.758159179687500000e+02
1.623999977111816406e+01,1.753441467285156250e+02
1.627999877929687500e+01,1.748723449707031250e+02
1.631999969482421875e+01,1.743861846923828125e+02
1.635999870300292969e+01,1.739000396728515625e+02
1.639999961853027344e+01,1.734138488769531250e+02
1.643999862670898438e+01,1.729277343750000000e+02
1.647999954223632812e+01,1.724414978027343750e+02
1.652000045776367188e+01,1.719787902832031250e+02
1.655999946594238281e+01,1.715160217285156250e+02
1.660000038146972656e+01,1.710530853271484375e+02
1.663999938964843750e+01,1.705900573730468750e+02
1.668000030517578125e+01,1.701268310546875000e+02
1.671999931335449219e+01,1.696674957275390625e+02
1.676000022888183594e+01,1.692080078125000000e+02
1.679999923706054688e+01,1.687482452392578125e+02
1.684000015258789062e+01,1.682883911132812500e+02
1.687999916076660156e+01,1.678283996582031250e+02
1.692000007629394531e+01,1.673672943115234375e+02
1.695999908447265625e+01,1.669060668945312500e+02
1.700000000000000000e+01,1.664592742919921875e+02
1.703999900817871094e+01,1.660266571044921875e+02
1.707999992370605469e+01,1.655938568115234375e+02
1.711999893188476562e+01,1.651562042236328125e+02
1.715999984741210938e+01,1.647183990478515625e+02
1.719999885559082031e+01,1.642805480957031250e+02
1.723999977111816406e+01,1.638426208496093750e+02
1.727999877929687500e+01,1.634262390136718750e+02
1.731999969482421875e+01,1.630165863037109375e+02
1.735999870300292969e+01,1.626068572998046875e+02
1.739999961853027344e+01,1.621968231201171875e+02
1.743999862670898438e+01,1.617859344482421875e+02
1.747999954223632812e+01,1.613730468750000000e+02
1.752000045776367188e+01,1.609719696044921875e+02
1.755999946594238281e+01,1.605707855224609375e+02
1.760000038146972656e+01,1.601693878173828125e+02
1.763999938964843750e+01,1.597677307128906250e+02
1.768000030517578125e+01,1.593659820556640625e+02
1.771999931335449219e+01,1.589643096923828125e+02
1.776000022888183594e+01,1.585624084472656250e+02
1.779999923706054688e+01,1.581603546142578125e+02
1.784000015258789062e+01,1.577580718994140625e+02
1.787999916076660156e+01,1.573555908203125000e+02
1.792000007629394531e+01,1.569465332031250000e+02
1.795999908447265625e+01,1.565373229980468750e+02
1.800000000000000000e+01,1.561320190429687500e+02
1.804000091552734375e+01,1.557305908203125000e+02
1.807999992370605469e+01,1.553290863037109375e+02
1.812000083923339844e+01,1.549481658935546875e+02
1.815999984741210938e+01,1.545670623779296875e+02
1.820000076293945312e+01,1.541857147216796875e+02
1.823999977111816406e+01,1.538042144775390625e+02
1.828000068664550781e+01,1.534224395751953125e+02
1.831999969482421875e+01,1.530133666992187500e+02
1.836000061035156250e+01,1.526041870117187500e+02
1.839999961853027344e+01,1.521950378417968750e+02
1.844000053405761719e+01,1.517858734130859375e+02
1.847999954223632812e+01,1.513766479492187500e+02
1.852000045776367188e+01,1.509958343505859375e+02
1.855999946594238281e+01,1.505646057128906250e+02
1.860000038146972656e+01,1.501195678710937500e+02
1.863999938964843750e+01,1.496747589111328125e+02
1.868000030517578125e+01,1.492301177978515625e+02
1.871999931335449219e+01,1.487855682373046875e+02
1.876000022888183594e+01,1.483411560058593750e+02
1.879999923706054688e+01,1.478970184326171875e+02
1.884000015258789062e+01,1.474530639648437500e+02
1.887999916076660156e+01,1.470093231201171875e+02
1.892000007629394531e+01,1.465535583496093750e+02
1.895999908447265625e+01,1.460981140136718750e+02
1.900000000000000000e+01,1.456459960937500000e+02
1.904000091552734375e+01,1.451973724365234375e+02
1.907999992370605469e+01,1.447490081787109375e+02
1.912000083923339844e+01,1.443100433349609375e+02
1.915999984741210938e+01,1.438713989257812500e+02
1.920000076293945312e+01,1.434320373535156250e+02
1.923999977111816406e+01,1.430125579833984375e+02
1.928000068664550781e+01,1.426529846191406250e+02
1.931999969482421875e+01,1.422884674072265625e+02
1.936000061035156250e+01,1.419238281250000000e+02
1.939999961853027344e+01,1.415590820312500000e+02
1.944000053405761719e+01,1.411941833496093750e+02
1.947999954223632812e+01,1.408292541503906250e+02
1.952000045776367188e+01,1.404623870849609375e+02
1.955999946594238281e+01,1.400955200195312500e+02
1.960000038146972656e+01,1.397285766601562500e+02
1.963999938964843750e+01,1.393615875244140625e+02
1.968000030517578125e+01,1.389945983886718750e+02
1.971999931335449219e+01,1.386227722167968750e+02
1.976000022888183594e+01,1.382508544921875000e+02
1.979999923706054688e+01,1.378790435791015625e+02
1.984000015258789062e+01,1.375071563720703125e+02
1.987999916076660156e+01,1.371352539062500000e+02
1.992000007629394531e+01,1.367637939453125000e+02
1.995999908447265625e+01,1.363923339843750000e+02
2.000000000000000000e+01,1.360270843505859375e+02
2.004000091552734375e+01,1.356681671142578125e+02
2.007999992370605469e+01,1.353093261718750000e+02
2.012000083923339844e+01,1.349542999267578125e+02
2.015999984741210938e+01,1.345993804931640625e+02
2.020000076293945312e+01,1.342444763183593750e+02
2.023999977111816406e+01,1.338896026611328125e+02
2.028000068664550781e+01,1.335347900390625000e+02
2.031999969482421875e+01,1.331758728027343750e+02
2.036000061035156250e+01,1.328170013427734375e+02
2.039999961853027344e+01,1.324582519531250000e+02
2.044000053405761719e+01,1.320995025634765625e+02
2.047999954223632812e+01,1.317409057617187500e+02
2.052000045776367188e+01,1.313568267822265625e+02
2.055999946594238281e+01,1.309729614257812500e+02
2.060000038146972656e+01,1.305893249511718750e+02
2.063999938964843750e+01,1.302059326171875000e+02
2.068000030517578125e+01,1.298227233886718750e+02
2.071999931335449219e+01,1.294478149414062500e+02
2.076000022888183594e+01,1.290730590820312500e+02
2.079999923706054688e+01,1.286985015869140625e+02
2.084000015258789062e+01,1.283241577148437500e+02
2.087999916076660156e+01,1.279499435424804688e+02
2.092000007629394531e+01,1.275679779052734375e+02
2.095999908447265625e+01,1.271862945556640625e+02
2.100000000000000000e+01,1.268182220458984375e+02
2.103999900817871094e+01,1.264637222290039062e+02
2.107999992370605469e+01,1.261094665527343750e+02
2.112000083923339844e+01,1.257544860839843750e+02
2.115999984741210938e+01,1.253994903564453125e+02
2.120000076293945312e+01,1.250447463989257812e+02
2.123999977111816406e+01,1.246844177246093750e+02
2.128000068664550781e+01,1.243069000244140625e+02
2.131999969482421875e+01,1.239340667724609375e+02
2.136000061035156250e+01,1.235615463256835938e+02
2.139999961853027344e+01,1.231894149780273438e+02
2.144000053405761719e+01,1.228175888061523438e+02
2.147999954223632812e+01,1.224461669921875000e+02
2.152000045776367188e+01,1.220775146484375000e+02
2.155999946594238281e+01,1.217092895507812500e+02
2.160000038146972656e+01,1.213414306640625000e+02
2.163999938964843750e+01,1.209739761352539062e+02
2.168000030517578125e+01,1.206069030761718750e+02
2.171999931335449219e+01,1.202467575073242188e+02
2.176000022888183594e+01,1.198869552612304688e+02
2.179999923706054688e+01,1.195275421142578125e+02
2.184000015258789062e+01,1.191684875488281250e+02
2.187999916076660156e+01,1.188097534179687500e+02
2.192000007629394531e+01,1.184458999633789062e+02
2.195999908447265625e+01,1.180824890136718750e+02
2.200000000000000000e+01,1.177252883911132812e+02
2.203999900817871094e+01,1.173743133544921875e+02
2.207999992370605469e+01,1.170236740112304688e+02
2.212000083923339844e+01,1.166795501708984375e+02
2.215999984741210938e+01,1.163358306884765625e+02
2.220000076293945312e+01,1.159924163818359375e+02
2.223999977111816406e+01,1.156492919921875000e+02
2.228000068664550781e+01,1.153064575195312500e+02
2.231999969482421875e+01,1.149592590332031250e+02
2.236000061035156250e+01,1.146123428344726562e+02
2.239999961853027344e+01,1.142658233642578125e+02
2.244000053405761719e+01,1.139195709228515625e+02
2.247999954223632812e+01,1.135737152099609375e+02
2.252000045776367188e+01,1.132811660766601562e+02
2.255999946594238281e+01,1.129888229370117188e+02
2.260000038146972656e+01,1.126966552734375000e+02
2.263999938964843750e+01,1.124047012329101562e+02
2.268000030517578125e+01,1.121128997802734375e+02
2.271999931335449219e+01,1.118229141235351562e+02
2.276000022888183594e+01,1.115331039428710938e+02
2.279999923706054688e+01,1.112434844970703125e+02
2.284000015258789062e+01,1.109540405273437500e+02
2.287999916076660156e+01,1.106647491455078125e+02
2.292000007629394531e+01,1.103838577270507812e+02
2.295999908447265625e+01,1.101031494140625000e+02
2.300000000000000000e+01,1.098328399658203125e+02
2.303999900817871094e+01,1.095728454589843750e+02
2.307999992370605469e+01,1.093128509521484375e+02
2.312000083923339844e+01,1.090468826293945312e+02
2.315999984741210938e+01,1.087809448242187500e+02
2.320000076293945312e+01,1.085150299072265625e+02
2.323999977111816406e+01,1.082486267089843750e+02
2.328000068664550781e+01,1.079822006225585938e+02
2.331999969482421875e+01,1.077157897949218750e+02
2.336000061035156250e+01,1.074493865966796875e+02
2.339999961853027344e+01,1.071830215454101562e+02
2.344000053405761719e+01,1.069166870117187500e+02
2.347999954223632812e+01,1.066503372192382812e+02
2.352000045776367188e+01,1.063107986450195312e+02
2.355999946594238281e+01,1.059715118408203125e+02
2.360000038146972656e+01,1.056324081420898438e+02
2.363999938964843750e+01,1.052935867309570312e+02
2.368000030517578125e+01,1.049549255371093750e+02
2.371999931335449219e+01,1.046296691894531250e+02
2.376000022888183594e+01,1.043045425415039062e+02
2.379999923706054688e+01,1.039795379638671875e+02
2.384000015258789062e+01,1.036546936035156250e+02
2.387999916076660156e+01,1.033300170898437500e+02
2.392000007629394531e+01,1.029955825805664062e+02
2.395999908447265625e+01,1.026613845825195312e+02
2.400000000000000000e+01,1.023436126708984375e+02
2.403999900817871094e+01,1.020420837402343750e+02
2.407999992370605469e+01,1.017404937744140625e+02
2.411999893188476562e+01,1.014388351440429688e+02
2.415999984741210938e+01,1.011371536254882812e+02
2.420000076293945312e+01,1.008354110717773438e+02
2.423999977111816406e+01,1.005336303710937500e+02
2.428000068664550781e+01,1.002317962646484375e+02
2.431999969482421875e+01,9.993000793457031250e+01
2.436000061035156250e+01,9.962815093994140625e+01
2.439999961853027344e+01,9.932630920410156250e+01
2.444000053405761719e+01,9.902442169189453125e+01
2.447999954223632812e+01,9.872248840332031250e+01
2.452000045776367188e+01,9.843611145019531250e+01
2.455999946594238281e+01,9.814942932128906250e+01
2.460000038146972656e+01,9.786241912841796875e+01
2.463999938964843750e+01,9.757507324218750000e+01
2.468000030517578125e+01,9.728746795654296875e+01
2.471999931335449219e+01,9.699922180175781250e+01
2.476000022888183594e+01,9.671067047119140625e+01
2.479999923706054688e+01,9.642184448242187500e+01
2.484000015258789062e+01,9.622756958007812500e+01
2.487999916076660156e+01,9.607226562500000000e+01
2.492000007629394531e+01,9.591416168212890625e+01
2.495999908447265625e+01,9.575521850585937500e+01
2.500000000000000000e+01,9.561557006835937500e+01
2.503999900817871094e+01,9.549522399902343750e+01
2.507999992370605469e+01,9.537406158447265625e+01
2.511999893188476562e+01,9.525099945068359375e+01
2.515999984741210938e+01,9.512713623046875000e+01
2.520000076293945312e+01,9.500244140625000000e+01
2.523999977111816406e+01,9.487698364257812500e+01
2.528000068664550781e+01,9.475068664550781250e+01
2.531999969482421875e+01,9.462408447265625000e+01
2.536000061035156250e+01,9.449668884277343750e+01
2.539999961853027344e+01,9.436846923828125000e+01
2.544000053405761719e+01,9.423943328857421875e+01
2.547999954223632812e+01,9.410957336425781250e+01
2.552000045776367188e+01,9.397830200195312500e+01
2.555999946594238281e+01,9.384598541259765625e+01
2.560000038146972656e+01,9.371278381347656250e+01
2.563999938964843750e+01,9.357878112792968750e+01
2.568000030517578125e+01,9.344395446777343750e+01
2.571999931335449219e+01,9.330722045898437500e+01
2.576000022888183594e+01,9.316967010498046875e+01
2.579999923706054688e+01,9.303131866455078125e+01
2.584000015258789062e+01,9.289213562011718750e+01
2.587999916076660156e+01,9.275216674804687500e+01
2.592000007629394531e+01,9.261566162109375000e+01
2.595999908447265625e+01,9.247831726074218750e+01
2.600000000000000000e+01,9.234678649902343750e+01
2.603999900817871094e+01,9.222120666503906250e+01
2.607999992370605469e+01,9.209486389160156250e+01
2.611999893188476562e+01,9.196496582031250000e+01
2.615999984741210938e+01,9.183438110351562500e+01
2.620000076293945312e+01,9.170310211181640625e+01
2.623999977111816406e+01,9.157110595703125000e+01
2.628000068664550781e+01,9.143839263916015625e+01
2.631999969482421875e+01,9.130412292480468750e+01
2.636000061035156250e+01,9.116915130615234375e+01
2.639999961853027344e+01,9.103347015380859375e+01
2.644000053405761719e+01,9.089704895019531250e+01
2.647999954223632812e+01,9.075997161865234375e+01
2.652000045776367188e+01,9.064046478271484375e+01
2.655999946594238281e+01,9.052056121826171875e+01
2.660000038146972656e+01,9.040229797363281250e+01
2.663999938964843750e+01,9.030587005615234375e+01
2.668000030517578125e+01,8.980249023437500000e+01
2.671999931335449219e+01,8.970755004882812500e+01
2.676000022888183594e+01,8.958424377441406250e+01
2.679999923706054688e+01,8.945984649658203125e+01
2.684000015258789062e+01,8.933509826660156250e+01
2.687999916076660156e+01,8.920983123779296875e+01
2.692000007629394531e+01,8.908164978027343750e+01
2.695999908447265625e+01,8.895294189453125000e+01
2.700000000000000000e+01,8.882768249511718750e+01
2.703999900817871094e+01,8.870597839355468750e+01
2.707999992370605469e+01,8.858389282226562500e+01
2.711999893188476562e+01,8.846286010742187500e+01
2.715999984741210938e+01,8.834143066406250000e+01
2.719999885559082031e+01,8.821954345703125000e+01
2.723999977111816406e+01,8.809727478027343750e+01
2.728000068664550781e+01,8.797459411621093750e+01
2.731999969482421875e+01,8.785540008544921875e+01
2.736000061035156250e+01,8.773576354980468750e+01
2.739999961853027344e+01,8.761582946777343750e+01
2.744000053405761719e+01,8.749552917480468750e+01
2.747999954223632812e+01,8.737484741210937500e+01
2.752000045776367188e+01,8.726719665527343750e+01
2.755999946594238281e+01,8.715927886962890625e+01
2.760000038146972656e+01,8.705107116699218750e+01
2.763999938964843750e+01,8.694253540039062500e+01
2.768000030517578125e+01,8.683372497558593750e+01
2.771999931335449219e+01,8.672268676757812500e+01
2.776000022888183594e+01,8.661132049560546875e+01
2.779999923706054688e+01,8.649967956542968750e+01
2.784000015258789062e+01,8.638774108886718750e+01
2.787999916076660156e+01,8.627553558349609375e+01
2.792000007629394531e+01,8.616199493408203125e+01
2.795999908447265625e+01,8.604817199707031250e+01
2.800000000000000000e+01,8.591584777832031250e+01
2.803999900817871094e+01,8.576521301269531250e+01
2.807999992370605469e+01,8.561453247070312500e+01
2.811999893188476562e+01,8.546466827392578125e+01
2.815999984741210938e+01,8.531475830078125000e+01
2.819999885559082031e+01,8.516479492187500000e+01
2.823999977111816406e+01,8.501479339599609375e+01
2.828000068664550781e+01,8.486473083496093750e+01
2.831999969482421875e+01,8.471360015869140625e+01
2.836000061035156250e+01,8.456243896484375000e+01
2.839999961853027344e+01,8.441124725341796875e+01
2.844000053405761719e+01,8.425998687744140625e+01
2.847999954223632812e+01,8.410870361328125000e+01
2.852000045776367188e+01,8.397523498535156250e+01
2.855999946594238281e+01,8.384172058105468750e+01
2.860000038146972656e+01,8.370822143554687500e+01
2.863999938964843750e+01,8.357469177246093750e+01
2.868000030517578125e+01,8.344113922119140625e+01
2.871999931335449219e+01,8.330448150634765625e+01
2.876000022888183594e+01,8.316781616210937500e+01
2.879999923706054688e+01,8.303112792968750000e+01
2.884000015258789062e+01,8.289449310302734375e+01
2.887999916076660156e+01,8.275787353515625000e+01
2.892000007629394531e+01,8.261926269531250000e+01
2.895999908447265625e+01,8.248069000244140625e+01
2.900000000000000000e+01,8.234366607666015625e+01
2.903999900817871094e+01,8.220817565917968750e+01
2.907999992370605469e+01,8.207273864746093750e+01
2.911999893188476562e+01,8.193675231933593750e+01
2.915999984741210938e+01,8.180081176757812500e+01
2.919999885559082031e+01,8.166493225097656250e+01
2.923999977111816406e+01,8.152909088134765625e+01
2.928000068664550781e+01,8.139331817626953125e+01
2.931999969482421875e+01,8.126759338378906250e+01
2.936000061035156250e+01,8.114187622070312500e+01
2.939999961853027344e+01,8.101620483398437500e+01
2.944000053405761719e+01,8.089054107666015625e+01
2.947999954223632812e+01,8.076490020751953125e+01
2.952000045776367188e+01,8.062406921386718750e+01
2.955999946594238281e+01,8.048335266113281250e+01
2.960000038146972656e+01,8.034272003173828125e+01
2.963999938964843750e+01,8.020221710205078125e+01
2.968000030517578125e+01,8.006176757812500000e+01
2.971999931335449219e+01,7.992642211914062500e+01
2.976000022888183594e+01,7.979113769531250000e+01
2.979999923706054688e+01,7.965595245361328125e+01
2.984000015258789062e+01,7.952082824707031250e+01
2.987999916076660156e+01,7.938579559326171875e+01
2.992000007629394531e+01,7.924472045898437500e+01
2.995999908447265625e+01,7.910375976562500000e+01
3.000000000000000000e+01,7.895713043212890625e+01
3.003999900817871094e+01,7.880488586425781250e+01
3.007999992370605469e+01,7.865277862548828125e+01
3.011999893188476562e+01,7.850756835937500000e+01
3.015999984741210938e+01,7.836248016357421875e+01
3.019999885559082031e+01,7.821749114990234375e+01
3.023999977111816406e+01,7.807259368896484375e+01
3.028000068664550781e+01,7.792781066894531250e+01
3.031999969482421875e+01,7.777976989746093750e+01
3.036000061035156250e+01,7.763184356689453125e+01
3.039999961853027344e+01,7.748402404785156250e+01
3.044000053405761719e+01,7.733633422851562500e+01
3.047999954223632812e+01,7.718874359130859375e+01
3.052000045776367188e+01,7.704587554931640625e+01
3.055999946594238281e+01,7.690313720703125000e+01
3.060000038146972656e+01,7.676049804687500000e+01
3.063999938964843750e+01,7.661798095703125000e+01
3.068000030517578125e+01,7.647560119628906250e+01
3.071999931335449219e+01,7.633335113525390625e+01
3.076000022888183594e+01,7.619121551513671875e+01
3.079999923706054688e+01,7.604922485351562500e+01
3.084000015258789062e+01,7.590732574462890625e+01
3.087999916076660156e+01,7.576556396484375000e+01
3.092000007629394531e+01,7.562338256835937500e+01
3.095999908447265625e+01,7.548130035400390625e+01
3.100000000000000000e+01,7.535543823242187500e+01
3.103999900817871094e+01,7.524576568603515625e+01
3.107999992370605469e+01,7.513613891601562500e+01
3.111999893188476562e+01,7.502742004394531250e+01
3.115999984741210938e+01,7.491874694824218750e+01
3.119999885559082031e+01,7.481013488769531250e+01
3.123999977111816406e+01,7.470157623291015625e+01
3.127999877929687500e+01,7.459309387207031250e+01
3.131999969482421875e+01,7.448428344726562500e+01
3.136000061035156250e+01,7.437554931640625000e+01
3.139999961853027344e+01,7.426686859130859375e+01
3.144000053405761719e+01,7.415824890136718750e+01
3.147999954223632812e+01,7.404969787597656250e+01
3.152000045776367188e+01,7.392771911621093750e+01
3.155999946594238281e+01,7.380584716796875000e+01
3.160000038146972656e+01,7.368402862548828125e+01
3.163999938964843750e+01,7.356227874755859375e+01
3.168000030517578125e+01,7.344053649902343750e+01
3.171999931335449219e+01,7.331634521484375000e+01
3.176000022888183594e+01,7.319844055175781250e+01
3.179999923706054688e+01,7.288219451904296875e+01
3.184000015258789062e+01,7.270153808593750000e+01
3.187999916076660156e+01,7.256991577148437500e+01
3.192000007629394531e+01,7.245053863525390625e+01
3.195999908447265625e+01,7.233053588867187500e+01
3.200000000000000000e+01,7.221273803710937500e+01
3.203999710083007812e+01,7.209732818603515625e+01
3.207999801635742188e+01,7.198199462890625000e+01
3.211999893188476562e+01,7.186909484863281250e+01
3.215999984741210938e+01,7.175628662109375000e+01
3.219999694824218750e+01,7.164353179931640625e+01
3.223999786376953125e+01,7.153083801269531250e+01
3.227999877929687500e+01,7.141822814941406250e+01
3.231999969482421875e+01,7.129917144775390625e+01
3.236000061035156250e+01,7.117729187011718750e+01
3.239999771118164062e+01,7.105094146728515625e+01
3.243999862670898438e+01,7.092469787597656250e+01
3.247999954223632812e+01,7.079856872558593750e+01
3.252000045776367188e+01,7.067658233642578125e+01
3.255999755859375000e+01,7.055471038818359375e+01
3.259999847412109375e+01,7.043290710449218750e+01
3.263999938964843750e+01,7.031119537353515625e+01
3.268000030517578125e+01,7.018956756591796875e+01
3.271999740600585938e+01,7.006554412841796875e+01
3.275999832153320312e+01,6.994161987304687500e+01
3.279999923706054688e+01,6.981782531738281250e+01
3.284000015258789062e+01,6.969416809082031250e+01
3.287999725341796875e+01,6.957061767578125000e+01
3.291999816894531250e+01,6.944586944580078125e+01
3.295999908447265625e+01,6.932124328613281250e+01
3.300000000000000000e+01,6.919496917724609375e+01
3.303999710083007812e+01,6.906703186035156250e+01
3.307999801635742188e+01,6.893917083740234375e+01
3.311999893188476562e+01,6.881044006347656250e+01
3.315999984741210938e+01,6.868180084228515625e+01
3.319999694824218750e+01,6.855321502685546875e+01
3.323999786376953125e+01,6.842474365234375000e+01
3.327999877929687500e+01,6.829634094238281250e+01
3.331999969482421875e+01,6.817320251464843750e+01
3.336000061035156250e+01,6.805012512207031250e+01
3.339999771118164062e+01,6.792711639404296875e+01
3.343999862670898438e+01,6.780418395996093750e+01
3.347999954223632812e+01,6.768128204345703125e+01
3.352000045776367188e+01,6.756751251220703125e+01
3.355999755859375000e+01,6.745381927490234375e+01
3.359999847412109375e+01,6.734017944335937500e+01
3.363999938964843750e+01,6.722657775878906250e+01
3.367999649047851562e+01,6.711306762695312500e+01
3.371999740600585938e+01,6.700326538085937500e+01
3.375999832153320312e+01,6.689350128173828125e+01
3.379999923706054688e+01,6.678379058837890625e+01
3.383999633789062500e+01,6.667415618896484375e+01
3.387999725341796875e+01,6.656454467773437500e+01
3.391999816894531250e+01,6.645134735107421875e+01
3.395999908447265625e+01,6.633820343017578125e+01
3.399999618530273438e+01,6.622619628906250000e+01
3.403999710083007812e+01,6.611529541015625000e+01
3.407999801635742188e+01,6.600446319580078125e+01
3.411999893188476562e+01,6.589402770996093750e+01
3.415999603271484375e+01,6.578367614746093750e+01
3.419999694824218750e+01,6.567339324951171875e+01
3.423999786376953125e+01,6.556315612792968750e+01
3.427999877929687500e+01,6.545299530029296875e+01
3.431999588012695312e+01,6.534237670898437500e+01
3.435999679565429688e+01,6.523181152343750000e+01
3.439999771118164062e+01,6.512130737304687500e+01
3.443999862670898438e+01,6.501087951660156250e+01
3.447999954223632812e+01,6.490053558349609375e+01
3.451999664306640625e+01,6.479014587402343750e+01
3.455999755859375000e+01,6.467984008789062500e+01
3.459999847412109375e+01,6.456958770751953125e+01
3.463999938964843750e+01,6.445941162109375000e+01
3.467999649047851562e+01,6.434934997558593750e+01
3.471999740600585938e+01,6.424308776855468750e+01
3.475999832153320312e+01,6.413687896728515625e+01
3.479999923706054688e+01,6.403073883056640625e+01
3.483999633789062500e+01,6.392467498779296875e+01
3.487999725341796875e+01,6.381865692138671875e+01
3.491999816894531250e+01,6.371272277832031250e+01
3.495999908447265625e+01,6.360684585571289062e+01
3.499999618530273438e+01,6.350396347045898438e+01
3.503999710083007812e+01,6.340406036376953125e+01
3.507999801635742188e+01,6.330418395996093750e+01
3.511999893188476562e+01,6.320434951782226562e+01
3.515999603271484375e+01,6.310457611083984375e+01
3.519999694824218750e+01,6.300481414794921875e+01
3.523999786376953125e+01,6.290509796142578125e+01
3.527999877929687500e+01,6.280543518066406250e+01
3.531999588012695312e+01,6.270613098144531250e+01
3.535999679565429688e+01,6.260685729980468750e+01
3.539999771118164062e+01,6.250763702392578125e+01
3.543999862670898438e+01,6.240843963623046875e+01
3.547999954223632812e+01,6.230927658081054688e+01
3.551999664306640625e+01,6.220489501953125000e+01
3.555999755859375000e+01,6.210053634643554688e+01
3.559999847412109375e+01,6.199619674682617188e+01
3.563999938964843750e+01,6.189188766479492188e+01
3.567999649047851562e+01,6.178761291503906250e+01
3.571999740600585938e+01,6.168105697631835938e+01
3.575999832153320312e+01,6.157453918457031250e+01
3.579999923706054688e+01,6.146805191040039062e+01
3.583999633789062500e+01,6.136162185668945312e+01
3.587999725341796875e+01,6.125519180297851562e+01
3.591999816894531250e+01,6.115349578857421875e+01
3.595999908447265625e+01,6.105183029174804688e+01
3.599999618530273438e+01,6.095697021484375000e+01
3.603999710083007812e+01,6.086891174316406250e+01
3.607999801635742188e+01,6.078084564208984375e+01
3.611999893188476562e+01,6.068946456909179688e+01
3.615999603271484375e+01,6.059810638427734375e+01
3.619999694824218750e+01,6.050675201416015625e+01
3.623999786376953125e+01,6.041543197631835938e+01
3.627999877929687500e+01,6.032413101196289062e+01
3.631999588012695312e+01,6.023128509521484375e+01
3.635999679565429688e+01,6.013849258422851562e+01
3.639999771118164062e+01,6.004568481445312500e+01
3.643999862670898438e+01,5.995293807983398438e+01
3.647999954223632812e+01,5.986021423339843750e+01
3.651999664306640625e+01,5.974770355224609375e+01
3.655999755859375000e+01,5.963520431518554688e+01
3.659999847412109375e+01,5.952277374267578125e+01
3.663999938964843750e+01,5.941038513183593750e+01
3.667999649047851562e+01,5.929804229736328125e+01
3.671999740600585938e+01,5.919413375854492188e+01
3.675999832153320312e+01,5.909022903442382812e+01
3.679999923706054688e+01,5.898635864257812500e+01
3.683999633789062500e+01,5.888249206542968750e+01
3.687999725341796875e+01,5.877864074707031250e+01
3.691999816894531250e+01,5.866696166992187500e+01
3.695999908447265625e+01,5.855532455444335938e+01
3.699999618530273438e+01,5.845171356201171875e+01
3.703999710083007812e+01,5.835611343383789062e+01
3.707999801635742188e+01,5.826055526733398438e+01
3.711999893188476562e+01,5.816762161254882812e+01
3.715999603271484375e+01,5.807472991943359375e+01
3.719999694824218750e+01,5.798184585571289062e+01
3.723999786376953125e+01,5.788900756835937500e+01
3.727999877929687500e+01,5.779619979858398438e+01
3.731999588012695312e+01,5.770404052734375000e+01
3.735999679565429688e+01,5.761188888549804688e+01
3.739999771118164062e+01,5.751975631713867188e+01
3.743999862670898438e+01,5.742763519287109375e+01
3.747999954223632812e+01,5.733552551269531250e+01
3.751999664306640625e+01,5.727539062500000000e+01
3.755999755859375000e+01,5.721527862548828125e+01
3.759999847412109375e+01,5.715517425537109375e+01
3.763999938964843750e+01,5.709508895874023438e+01
3.767999649047851562e+01,5.703503036499023438e+01
3.771999740600585938e+01,5.697530364990234375e+01
3.775999832153320312e+01,5.691561126708984375e+01
3.779999923706054688e+01,5.685592651367187500e+01
3.783999633789062500e+01,5.679627990722656250e+01
3.787999725341796875e+01,5.673662567138671875e+01
3.791999816894531250e+01,5.667541885375976562e+01
3.795999908447265625e+01,5.661421203613281250e+01
3.799999618530273438e+01,5.653649902343750000e+01
3.803999710083007812e+01,5.644228363037109375e+01
3.807999801635742188e+01,5.634809112548828125e+01
3.811999893188476562e+01,5.625553894042968750e+01
3.815999603271484375e+01,5.616301727294921875e+01
3.819999694824218750e+01,5.607054519653320312e+01
3.823999786376953125e+01,5.597809600830078125e+01
3.827999877929687500e+01,5.588569259643554688e+01
3.831999588012695312e+01,5.579491806030273438e+01
3.835999679565429688e+01,5.570416259765625000e+01
3.839999771118164062e+01,5.561344146728515625e+01
3.843999862670898438e+01,5.552275848388671875e+01
3.847999954223632812e+01,5.543209838867187500e+01
3.851999664306640625e+01,5.533613967895507812e+01
3.855999755859375000e+01,5.524019622802734375e+01
3.859999847412109375e+01,5.514426422119140625e+01
3.863999938964843750e+01,5.504835510253906250e+01
3.867999649047851562e+01,5.495246505737304688e+01
3.871999740600585938e+01,5.485520935058593750e+01
3.875999832153320312e+01,5.475796890258789062e+01
3.879999923706054688e+01,5.466075515747070312e+01
3.883999633789062500e+01,5.456357955932617188e+01
3.887999725341796875e+01,5.446640777587890625e+01
3.891999816894531250e+01,5.437508773803710938e+01
3.895999908447265625e+01,5.428374481201171875e+01
3.899999618530273438e+01,5.420880889892578125e+01
3.903999710083007812e+01,5.415029144287109375e+01
3.907999801635742188e+01,5.409177398681640625e+01
3.911999893188476562e+01,5.402590179443359375e+01
3.915999603271484375e+01,5.396005249023437500e+01
3.919999694824218750e+01,5.389424133300781250e+01
3.923999786376953125e+01,5.382846069335937500e+01
3.927999877929687500e+01,5.376271057128906250e+01
3.931999588012695312e+01,5.370026779174804688e+01
3.935999679565429688e+01,5.363784790039062500e+01
3.939999771118164062e+01,5.357546234130859375e+01
3.943999862670898438e+01,5.351308822631835938e+01
3.947999572753906250e+01,5.345075225830078125e+01
3.951999664306640625e+01,5.335886764526367188e+01
3.955999755859375000e+01,5.326699447631835938e+01
3.959999847412109375e+01,5.317514801025390625e+01
3.963999938964843750e+01,5.308332824707031250e+01
3.967999649047851562e+01,5.299153518676757812e+01
3.971999740600585938e+01,5.290327835083007812e+01
3.975999832153320312e+01,5.281502532958984375e+01
3.979999923706054688e+01,5.272679138183593750e+01
3.983999633789062500e+01,5.263857650756835938e+01
3.987999725341796875e+01,5.255036926269531250e+01
3.991999816894531250e+01,5.245578002929687500e+01
3.995999908447265625e+01,5.236121368408203125e+01
3.999999618530273438e+01,5.226692962646484375e+01
4.003999710083007812e+01,5.217290496826171875e+01
4.007999801635742188e+01,5.207896423339843750e+01
4.011999893188476562e+01,5.199114990234375000e+01
4.015999603271484375e+01,5.190340042114257812e+01
4.019999694824218750e+01,5.181570816040039062e+01
4.023999786376953125e+01,5.172806549072265625e+01
4.027999877929687500e+01,5.164045715332031250e+01
4.031999588012695312e+01,5.154750823974609375e+01
4.035999679565429688e+01,5.145460510253906250e+01
4.039999771118164062e+01,5.136179351806640625e+01
4.043999862670898438e+01,5.126903915405273438e+01
4.047999572753906250e+01,5.117637634277343750e+01
4.051999664306640625e+01,5.110044097900390625e+01
4.055999755859375000e+01,5.102455520629882812e+01
4.059999847412109375e+01,5.094874954223632812e+01
4.063999938964843750e+01,5.087298583984375000e+01
4.067999649047851562e+01,5.079730987548828125e+01
4.071999740600585938e+01,5.072192382812500000e+01
4.075999832153320312e+01,5.064661026000976562e+01
4.079999923706054688e+01,5.057135772705078125e+01
4.083999633789062500e+01,5.049616622924804688e+01
4.087999725341796875e+01,5.042103195190429688e+01
4.091999816894531250e+01,5.034626770019531250e+01
4.095999908447265625e+01,5.027155685424804688e+01
4.099999618530273438e+01,5.020614624023437500e+01
4.103999710083007812e+01,5.014999389648437500e+01
4.107999801635742188e+01,5.009387969970703125e+01
4.111999893188476562e+01,5.003750610351562500e+01
4.115999603271484375e+01,4.998115539550781250e+01
4.119999694824218750e+01,4.992483139038085938e+01
4.123999786376953125e+01,4.986854934692382812e+01
4.127999877929687500e+01,4.981229400634765625e+01
4.131999588012695312e+01,4.976054000854492188e+01
4.135999679565429688e+01,4.970880126953125000e+01
4.139999771118164062e+01,4.965710449218750000e+01
4.143999862670898438e+01,4.960543060302734375e+01
4.147999572753906250e+01,4.955377197265625000e+01
4.151999664306640625e+01,4.942940521240234375e+01
4.155999755859375000e+01,4.930516815185546875e+01
4.159999847412109375e+01,4.918104553222656250e+01
4.163999938964843750e+01,4.905706024169921875e+01
4.167999649047851562e+01,4.893321228027343750e+01
4.171999740600585938e+01,4.881655883789062500e+01
4.175999832153320312e+01,4.869998931884765625e+01
4.179999923706054688e+01,4.858352279663085938e+01
4.183999633789062500e+01,4.846715927124023438e+01
4.187999725341796875e+01,4.835086822509765625e+01
4.191999816894531250e+01,4.823041915893554688e+01
4.195999908447265625e+01,4.811008453369140625e+01
4.199999618530273438e+01,4.802316284179687500e+01
4.203999710083007812e+01,4.796959304809570312e+01
4.207999801635742188e+01,4.791606903076171875e+01
4.211999893188476562e+01,4.786571121215820312e+01
4.215999603271484375e+01,4.781539154052734375e+01
4.219999694824218750e+01,4.776510238647460938e+01
4.223999786376953125e+01,4.771482086181640625e+01
4.227999877929687500e+01,4.766459655761718750e+01
4.231999588012695312e+01,4.761416625976562500e+01
4.235999679565429688e+01,4.756375885009765625e+01
4.239999771118164062e+01,4.751338958740234375e+01
4.243999862670898438e+01,4.746304321289062500e+01
4.247999572753906250e+01,4.741273498535156250e+01
4.251999664306640625e+01,4.735703659057617188e+01
4.255999755859375000e+01,4.730137634277343750e+01
4.259999847412109375e+01,4.724574661254882812e+01
4.263999938964843750e+01,4.719016265869140625e+01
4.267999649047851562e+01,4.713460922241210938e+01
4.271999740600585938e+01,4.708272552490234375e+01
4.275999832153320312e+01,4.703087615966796875e+01
4.279999923706054688e+01,4.697904205322265625e+01
4.283999633789062500e+01,4.692724990844726562e+01
4.287999725341796875e+01,4.687548065185546875e+01
4.291999816894531250e+01,4.682217407226562500e+01
4.295999908447265625e+01,4.676888656616210938e+01
4.299999618530273438e+01,4.669243621826171875e+01
4.303999710083007812e+01,4.659286117553710938e+01
4.307999801635742188e+01,4.649338531494140625e+01
4.311999893188476562e+01,4.639075851440429688e+01
4.315999603271484375e+01,4.628827285766601562e+01
4.319999694824218750e+01,4.618588638305664062e+01
4.323999786376953125e+01,4.608358764648437500e+01
4.327999877929687500e+01,4.598141479492187500e+01
4.331999588012695312e+01,4.588192367553710938e+01
4.335999679565429688e+01,4.578250885009765625e+01
4.339999771118164062e+01,4.568319702148437500e+01
4.343999862670898438e+01,4.558398818969726562e+01
4.347999572753906250e+01,4.548488616943359375e+01
4.351999664306640625e+01,4.542932128906250000e+01
4.355999755859375000e+01,4.537378311157226562e+01
4.359999847412109375e+01,4.531827545166015625e+01
4.363999938964843750e+01,4.526279830932617188e+01
4.367999649047851562e+01,4.520736694335937500e+01
4.371999740600585938e+01,4.514870071411132812e+01
4.375999832153320312e+01,4.509007644653320312e+01
4.379999923706054688e+01,4.503147506713867188e+01
4.383999633789062500e+01,4.497292327880859375e+01
4.387999725341796875e+01,4.491441726684570312e+01
4.391999816894531250e+01,4.485541534423828125e+01
4.395999908447265625e+01,4.479644775390625000e+01
4.399999618530273438e+01,4.472238540649414062e+01
4.403999710083007812e+01,4.463322067260742188e+01
4.407999801635742188e+01,4.454413604736328125e+01
4.411999893188476562e+01,4.445488357543945312e+01
4.415999603271484375e+01,4.436571121215820312e+01
4.419999694824218750e+01,4.427659988403320312e+01
4.423999786376953125e+01,4.418756866455078125e+01
4.427999877929687500e+01,4.409862136840820312e+01
4.431999588012695312e+01,4.401259231567382812e+01
4.435999679565429688e+01,4.392662048339843750e+01
4.439999771118164062e+01,4.384072113037109375e+01
4.443999862670898438e+01,4.375487518310546875e+01
4.447999572753906250e+01,4.366910552978515625e+01
4.451999664306640625e+01,4.361859893798828125e+01
4.455999755859375000e+01,4.356810760498046875e+01
4.459999847412109375e+01,4.351766204833984375e+01
4.463999938964843750e+01,4.346725845336914062e+01
4.467999649047851562e+01,4.341687774658203125e+01
4.471999740600585938e+01,4.336655807495117188e+01
4.475999832153320312e+01,4.331625366210937500e+01
4.479999923706054688e+01,4.326599121093750000e+01
4.483999633789062500e+01,4.321577453613281250e+01
4.487999725341796875e+01,4.316558074951171875e+01
4.491999816894531250e+01,4.311950302124023438e+01
4.495999908447265625e+01,4.307345581054687500e+01
4.499999618530273438e+01,4.301827239990234375e+01
4.503999710083007812e+01,4.295399475097656250e+01
4.507999801635742188e+01,4.288974761962890625e+01
4.511999893188476562e+01,4.282335662841796875e+01
4.515999603271484375e+01,4.275704956054687500e+01
4.519999694824218750e+01,4.269076538085937500e+01
4.523999786376953125e+01,4.262452697753906250e+01
4.527999877929687500e+01,4.255833435058593750e+01
4.531999588012695312e+01,4.249308395385742188e+01
4.535999679565429688e+01,4.242787170410156250e+01
4.539999771118164062e+01,4.236269760131835938e+01
4.543999862670898438e+01,4.229758071899414062e+01
4.547999572753906250e+01,4.223250198364257812e+01
4.551999664306640625e+01,4.215955352783203125e+01
4.555999755859375000e+01,4.208665847778320312e+01
4.559999847412109375e+01,4.201383972167968750e+01
4.563999938964843750e+01,4.194107818603515625e+01
4.567999649047851562e+01,4.186838531494140625e+01
4.571999740600585938e+01,4.179909896850585938e+01
4.575999832153320312e+01,4.172985839843750000e+01
4.579999923706054688e+01,4.166068267822265625e+01
4.583999633789062500e+01,4.159155273437500000e+01
4.587999725341796875e+01,4.152249145507812500e+01
4.591999816894531250e+01,4.145352172851562500e+01
4.595999908447265625e+01,4.138460540771484375e+01
4.599999618530273438e+01,4.131787490844726562e+01
4.603999710083007812e+01,4.125330352783203125e+01
4.607999801635742188e+01,4.118878173828125000e+01
4.611999893188476562e+01,4.112187194824218750e+01
4.615999603271484375e+01,4.105502700805664062e+01
4.619999694824218750e+01,4.098822784423828125e+01
4.623999786376953125e+01,4.092149734497070312e+01
4.627999877929687500e+01,4.085158157348632812e+01
4.631999588012695312e+01,4.078236770629882812e+01
4.635999679565429688e+01,4.071322631835937500e+01
4.639999771118164062e+01,4.064414596557617188e+01
4.643999862670898438e+01,4.057512283325195312e+01
4.647999572753906250e+01,4.050617599487304688e+01
4.651999664306640625e+01,4.042772674560546875e+01
4.655999755859375000e+01,4.034928894042968750e+01
4.659999847412109375e+01,4.027089691162109375e+01
4.663999557495117188e+01,4.019252395629882812e+01
4.667999649047851562e+01,4.011416625976562500e+01
4.671999740600585938e+01,4.003398513793945312e+01
4.675999832153320312e+01,3.995383834838867188e+01
4.679999923706054688e+01,3.987371444702148438e+01
4.683999633789062500e+01,3.979364395141601562e+01
4.687999725341796875e+01,3.971359634399414062e+01
4.691999816894531250e+01,3.963171768188476562e+01
4.695999908447265625e+01,3.954989242553710938e+01
4.699999618530273438e+01,3.948421478271484375e+01
4.703999710083007812e+01,3.943470001220703125e+01
4.707999801635742188e+01,3.938521957397460938e+01
4.711999893188476562e+01,3.933763122558593750e+01
4.715999603271484375e+01,3.929006576538085938e+01
4.719999694824218750e+01,3.924253082275390625e+01
4.723999786376953125e+01,3.919503021240234375e+01
4.727999877929687500e+01,3.914756011962890625e+01
4.731999588012695312e+01,3.909905242919921875e+01
4.735999679565429688e+01,3.905057144165039062e+01
4.739999771118164062e+01,3.900212860107421875e+01
4.743999862670898438e+01,3.895372009277343750e+01
4.747999572753906250e+01,3.890535736083984375e+01
4.751999664306640625e+01,3.882575988769531250e+01
4.755999755859375000e+01,3.874621963500976562e+01
4.759999847412109375e+01,3.866671752929687500e+01
4.763999557495117188e+01,3.858725738525390625e+01
4.767999649047851562e+01,3.850783920288085938e+01
4.771999740600585938e+01,3.842847442626953125e+01
4.775999832153320312e+01,3.834915542602539062e+01
4.779999923706054688e+01,3.826986312866210938e+01
4.783999633789062500e+01,3.819062423706054688e+01
4.787999725341796875e+01,3.811143493652343750e+01
4.791999816894531250e+01,3.803248977661132812e+01
4.795999908447265625e+01,3.795359802246093750e+01
4.799999618530273438e+01,3.790206146240234375e+01
4.803999710083007812e+01,3.787783813476562500e+01
4.807999801635742188e+01,3.785363006591796875e+01
4.811999893188476562e+01,3.783123779296875000e+01
4.815999603271484375e+01,3.780885314941406250e+01
4.819999694824218750e+01,3.778646469116210938e+01
4.823999786376953125e+01,3.776409149169921875e+01
4.827999877929687500e+01,3.774172210693359375e+01
4.831999588012695312e+01,3.771733856201171875e+01
4.835999679565429688e+01,3.769297409057617188e+01
4.839999771118164062e+01,3.766861343383789062e+01
4.843999862670898438e+01,3.764426803588867188e+01
4.847999572753906250e+01,3.761992645263671875e+01
4.851999664306640625e+01,3.753028106689453125e+01
4.855999755859375000e+01,3.744065856933593750e+01
4.859999847412109375e+01,3.735106658935546875e+01
4.863999557495117188e+01,3.726150512695312500e+01
4.867999649047851562e+01,3.717196655273437500e+01
4.871999740600585938e+01,3.708204650878906250e+01
4.875999832153320312e+01,3.699214935302734375e+01
4.879999923706054688e+01,3.690228271484375000e+01
4.883999633789062500e+01,3.681246185302734375e+01
4.887999725341796875e+01,3.672265625000000000e+01
4.891999816894531250e+01,3.663510513305664062e+01
4.895999908447265625e+01,3.654758834838867188e+01
4.899999618530273438e+01,3.648428344726562500e+01
4.903999710083007812e+01,3.644519805908203125e+01
4.907999801635742188e+01,3.640612792968750000e+01
4.911999893188476562e+01,3.636524963378906250e+01
4.915999603271484375e+01,3.632440185546875000e+01
4.919999694824218750e+01,3.628355789184570312e+01
4.923999786376953125e+01,3.624275207519531250e+01
4.927999877929687500e+01,3.620195770263671875e+01
4.931999588012695312e+01,3.616099166870117188e+01
4.935999679565429688e+01,3.612004470825195312e+01
4.939999771118164062e+01,3.607911300659179688e+01
4.943999862670898438e+01,3.603821945190429688e+01
4.947999572753906250e+01,3.599733734130859375e+01
4.951999664306640625e+01,3.594067001342773438e+01
4.955999755859375000e+01,3.588400650024414062e+01
4.959999847412109375e+01,3.582734298706054688e+01
4.963999557495117188e+01,3.577069854736328125e+01
4.967999649047851562e+01,3.571406555175781250e+01
4.971999740600585938e+01,3.565634155273437500e+01
4.975999832153320312e+01,3.559862518310546875e+01
4.979999923706054688e+01,3.554091644287109375e+01
4.983999633789062500e+01,3.548321533203125000e+01
4.987999725341796875e+01,3.542552947998046875e+01
4.991999816894531250e+01,3.536891555786132812e+01
4.995999908447265625e+01,3.531232452392578125e+01
4.999999618530273438e+01,3.525057601928710938e+01
5.003999710083007812e+01,3.518365859985351562e+01
5.007999801635742188e+01,3.511672592163085938e+01
5.011999893188476562e+01,3.504814529418945312e+01
5.015999603271484375e+01,3.497956848144531250e+01
5.019999694824218750e+01,3.491098403930664062e+01
5.023999786376953125e+01,3.484239578247070312e+01
5.027999877929687500e+01,3.477380752563476562e+01
5.031999588012695312e+01,3.470657730102539062e+01
5.035999679565429688e+01,3.463933563232421875e+01
5.039999771118164062e+01,3.457208251953125000e+01
5.043999862670898438e+01,3.450482559204101562e+01
5.047999572753906250e+01,3.443757247924804688e+01
5.051999664306640625e+01,3.439794540405273438e+01
5.055999755859375000e+01,3.435829925537109375e+01
5.059999847412109375e+01,3.431865692138671875e+01
5.063999557495117188e+01,3.427899551391601562e+01
5.067999649047851562e+01,3.423933792114257812e+01
5.071999740600585938e+01,3.419855499267578125e+01
5.075999832153320312e+01,3.415777206420898438e+01
5.079999923706054688e+01,3.411697769165039062e+01
5.083999633789062500e+01,3.407618713378906250e+01
5.087999725341796875e+01,3.403538513183593750e+01
5.091999816894531250e+01,3.399252700805664062e+01
5.095999908447265625e+01,3.394966125488281250e+01
5.099999618530273438e+01,3.391283416748046875e+01
5.103999710083007812e+01,3.388202285766601562e+01
5.107999801635742188e+01,3.385121154785156250e+01
5.111999893188476562e+01,3.382352066040039062e+01
5.115999603271484375e+01,3.379582214355468750e+01
5.119999694824218750e+01,3.376810455322265625e+01
5.123999786376953125e+01,3.374038696289062500e+01
5.127999877929687500e+01,3.371264648437500000e+01
5.131999588012695312e+01,3.368438720703125000e+01
5.135999679565429688e+01,3.365611648559570312e+01
5.139999771118164062e+01,3.362782669067382812e+01
5.143999862670898438e+01,3.359953308105468750e+01
5.147999572753906250e+01,3.357122802734375000e+01
5.151999664306640625e+01,3.350761413574218750e+01
5.155999755859375000e+01,3.344402313232421875e+01
5.159999847412109375e+01,3.338045120239257812e+01
5.163999557495117188e+01,3.331690216064453125e+01
5.167999649047851562e+01,3.325337982177734375e+01
5.171999740600585938e+01,3.319173431396484375e+01
5.175999832153320312e+01,3.313011550903320312e+01
5.179999923706054688e+01,3.306849670410156250e+01
5.183999633789062500e+01,3.300691986083984375e+01
5.187999725341796875e+01,3.294534301757812500e+01
5.191999816894531250e+01,3.288227844238281250e+01
5.195999908447265625e+01,3.281922531127929688e+01
5.199999618530273438e+01,3.276111984252929688e+01
5.203999710083007812e+01,3.270792770385742188e+01
5.207999801635742188e+01,3.265475082397460938e+01
5.211999893188476562e+01,3.260276794433593750e+01
5.215999603271484375e+01,3.255080032348632812e+01
5.219999694824218750e+01,3.249884796142578125e+01
5.223999786376953125e+01,3.244689178466796875e+01
5.227999877929687500e+01,3.239496231079101562e+01
5.231999588012695312e+01,3.234346008300781250e+01
5.235999679565429688e+01,3.229195404052734375e+01
5.239999771118164062e+01,3.224047088623046875e+01
5.243999862670898438e+01,3.218899536132812500e+01
5.247999572753906250e+01,3.213752746582031250e+01
5.251999664306640625e+01,3.210459136962890625e+01
5.255999755859375000e+01,3.207166290283203125e+01
5.259999847412109375e+01,3.203874588012695312e+01
5.263999557495117188e+01,3.200584411621093750e+01
5.267999649047851562e+01,3.197295570373535156e+01
5.271999740600585938e+01,3.193990516662597656e+01
5.275999832153320312e+01,3.190686225891113281e+01
5.279999542236328125e+01,3.187383079528808594e+01
5.283999633789062500e+01,3.184081268310546875e+01
5.287999725341796875e+01,3.180780601501464844e+01
5.291999816894531250e+01,3.177514266967773438e+01
5.295999908447265625e+01,3.174250793457031250e+01
5.299999618530273438e+01,3.170315933227539062e+01
5.303999710083007812e+01,3.165709877014160156e+01
5.307999801635742188e+01,3.161103630065917969e+01
5.311999893188476562e+01,3.156480979919433594e+01
5.315999603271484375e+01,3.151858901977539062e+01
5.319999694824218750e+01,3.147236824035644531e+01
5.323999786376953125e+01,3.142614364624023438e+01
5.327999877929687500e+01,3.137993240356445312e+01
5.331999588012695312e+01,3.133372116088867188e+01
5.335999679565429688e+01,3.128750991821289062e+01
5.339999771118164062e+01,3.124129867553710938e+01
5.343999862670898438e+01,3.119509887695312500e+01
5.347999572753906250e+01,3.114889907836914062e+01
5.351999664306640625e+01,3.109503746032714844e+01
5.355999755859375000e+01,3.104117584228515625e+01
5.359999847412109375e+01,3.098733711242675781e+01
5.363999557495117188e+01,3.093351745605468750e+01
5.367999649047851562e+01,3.087970733642578125e+01
5.371999740600585938e+01,3.082453155517578125e+01
5.375999832153320312e+01,3.076938056945800781e+01
5.379999542236328125e+01,3.071424865722656250e+01
5.383999633789062500e+01,3.065913200378417969e+01
5.387999725341796875e+01,3.060404014587402344e+01
5.391999816894531250e+01,3.055065917968750000e+01
5.395999908447265625e+01,3.049729919433593750e+01
5.399999618530273438e+01,3.044140625000000000e+01
5.403999710083007812e+01,3.038297080993652344e+01
5.407999801635742188e+01,3.032455062866210938e+01
5.411999893188476562e+01,3.026412200927734375e+01
5.415999603271484375e+01,3.020372390747070312e+01
5.419999694824218750e+01,3.014334487915039062e+01
5.423999786376953125e+01,3.008299064636230469e+01
5.427999877929687500e+01,3.002265548706054688e+01
5.431999588012695312e+01,2.996434020996093750e+01
5.435999679565429688e+01,2.990603637695312500e+01
5.439999771118164062e+01,2.984774971008300781e+01
5.443999862670898438e+01,2.978947639465332031e+01
5.447999572753906250e+01,2.973121643066406250e+01
5.451999664306640625e+01,2.968965911865234375e+01
5.455999755859375000e+01,2.964812088012695312e+01
5.459999847412109375e+01,2.960660743713378906e+01
5.463999557495117188e+01,2.956511306762695312e+01
5.467999649047851562e+01,2.952364540100097656e+01
5.471999740600585938e+01,2.948253440856933594e+01
5.475999832153320312e+01,2.944144821166992188e+01
5.479999542236328125e+01,2.940037918090820312e+01
5.483999633789062500e+01,2.935932731628417969e+01
5.487999725341796875e+01,2.931830215454101562e+01
5.491999816894531250e+01,2.927711868286132812e+01
5.495999908447265625e+01,2.923596000671386719e+01
5.499999618530273438e+01,2.918439483642578125e+01
5.503999710083007812e+01,2.912240982055664062e+01
5.507999801635742188e+01,2.906043052673339844e+01
5.511999893188476562e+01,2.899829864501953125e+01
5.515999603271484375e+01,2.893618011474609375e+01
5.519999694824218750e+01,2.887406349182128906e+01
5.523999786376953125e+01,2.881195449829101562e+01
5.527999877929687500e+01,2.874985694885253906e+01
5.531999588012695312e+01,2.868811798095703125e+01
5.535999679565429688e+01,2.862638473510742188e+01
5.539999771118164062e+01,2.856465911865234375e+01
5.543999862670898438e+01,2.850293922424316406e+01
5.547999572753906250e+01,2.844124221801757812e+01
5.551999664306640625e+01,2.840130043029785156e+01
5.555999755859375000e+01,2.836137199401855469e+01
5.559999847412109375e+01,2.832147216796875000e+01
5.563999557495117188e+01,2.828158378601074219e+01
5.567999649047851562e+01,2.824171447753906250e+01
5.571999740600585938e+01,2.820257186889648438e+01
5.575999832153320312e+01,2.816344451904296875e+01
5.579999542236328125e+01,2.812433624267578125e+01
5.583999633789062500e+01,2.808523750305175781e+01
5.587999725341796875e+01,2.804614830017089844e+01
5.591999816894531250e+01,2.800565910339355469e+01
5.595999908447265625e+01,2.796518325805664062e+01
5.599999618530273438e+01,2.793453979492187500e+01
5.603999710083007812e+01,2.791370010375976562e+01
5.607999801635742188e+01,2.789286804199218750e+01
5.611999893188476562e+01,2.787274169921875000e+01
5.615999603271484375e+01,2.785263061523437500e+01
5.619999694824218750e+01,2.783252143859863281e+01
5.623999786376953125e+01,2.781241035461425781e+01
5.627999877929687500e+01,2.779231262207031250e+01
5.631999588012695312e+01,2.777221870422363281e+01
5.635999679565429688e+01,2.775212860107421875e+01
5.639999771118164062e+01,2.773204231262207031e+01
5.643999862670898438e+01,2.771196365356445312e+01
5.647999572753906250e+01,2.769188690185546875e+01
5.651999664306640625e+01,2.763078308105468750e+01
5.655999755859375000e+01,2.756969451904296875e+01
5.659999847412109375e+01,2.750864219665527344e+01
5.663999557495117188e+01,2.744762802124023438e+01
5.667999649047851562e+01,2.738663673400878906e+01
5.671999740600585938e+01,2.732499313354492188e+01
5.675999832153320312e+01,2.726337814331054688e+01
5.679999542236328125e+01,2.720181083679199219e+01
5.683999633789062500e+01,2.714025878906250000e+01
5.687999725341796875e+01,2.707875061035156250e+01
5.691999816894531250e+01,2.701726531982421875e+01
5.695999908447265625e+01,2.695582008361816406e+01
5.699999618530273438e+01,2.689262580871582031e+01
5.703999710083007812e+01,2.682767105102539062e+01
5.707999801635742188e+01,2.676274871826171875e+01
5.711999893188476562e+01,2.669789886474609375e+01
5.715999603271484375e+01,2.663308906555175781e+01
5.719999694824218750e+01,2.656830024719238281e+01
5.723999786376953125e+01,2.650353622436523438e+01
5.727999877929687500e+01,2.643879699707031250e+01
5.731999588012695312e+01,2.637398910522460938e+01
5.735999679565429688e+01,2.630920219421386719e+01
5.739999771118164062e+01,2.624444580078125000e+01
5.743999862670898438e+01,2.617971420288085938e+01
5.747999572753906250e+01,2.611501693725585938e+01
5.751999664306640625e+01,2.608716583251953125e+01
5.755999755859375000e+01,2.605934143066406250e+01
5.759999847412109375e+01,2.603153228759765625e+01
5.763999557495117188e+01,2.600373840332031250e+01
5.767999649047851562e+01,2.597595787048339844e+01
5.771999740600585938e+01,2.594821548461914062e+01
5.775999832153320312e+01,2.592048263549804688e+01
5.779999542236328125e+01,2.589277267456054688e+01
5.783999633789062500e+01,2.586507415771484375e+01
5.787999725341796875e+01,2.583738708496093750e+01
5.791999816894531250e+01,2.580968856811523438e+01
5.795999908447265625e+01,2.578199768066406250e+01
5.799999618530273438e+01,2.573907661437988281e+01
5.803999710083007812e+01,2.568091964721679688e+01
5.807999801635742188e+01,2.562281799316406250e+01
5.811999893188476562e+01,2.556548118591308594e+01
5.815999603271484375e+01,2.550819778442382812e+01
5.819999694824218750e+01,2.545095443725585938e+01
5.823999786376953125e+01,2.539375305175781250e+01
5.827999877929687500e+01,2.533658981323242188e+01
5.831999588012695312e+01,2.527806663513183594e+01
5.835999679565429688e+01,2.521959114074707031e+01
5.839999771118164062e+01,2.516116142272949219e+01
5.843999862670898438e+01,2.510278320312500000e+01
5.847999572753906250e+01,2.504445648193359375e+01
5.851999664306640625e+01,2.500290870666503906e+01
5.855999755859375000e+01,2.496140098571777344e+01
5.859999847412109375e+01,2.491992378234863281e+01
5.863999557495117188e+01,2.487848854064941406e+01
5.867999649047851562e+01,2.483708381652832031e+01
5.871999740600585938e+01,2.479638862609863281e+01
5.875999832153320312e+01,2.475572967529296875e+01
5.879999542236328125e+01,2.471510505676269531e+01
5.883999633789062500e+01,2.467450714111328125e+01
5.887999725341796875e+01,2.463394737243652344e+01
5.891999816894531250e+01,2.459208106994628906e+01
5.895999908447265625e+01,2.455025863647460938e+01
5.899999618530273438e+01,2.451423645019531250e+01
5.903999710083007812e+01,2.448399162292480469e+01
5.907999801635742188e+01,2.445376777648925781e+01
5.911999893188476562e+01,2.442425346374511719e+01
5.915999603271484375e+01,2.439475250244140625e+01
5.919999694824218750e+01,2.436528015136718750e+01
5.923999786376953125e+01,2.433582496643066406e+01
5.927999877929687500e+01,2.430639457702636719e+01
5.931999588012695312e+01,2.427760887145996094e+01
5.935999679565429688e+01,2.424884033203125000e+01
5.939999771118164062e+01,2.422009849548339844e+01
5.943999862670898438e+01,2.419136238098144531e+01
5.947999572753906250e+01,2.416266059875488281e+01
5.951999664306640625e+01,2.409171867370605469e+01
5.955999755859375000e+01,2.402085876464843750e+01
5.959999847412109375e+01,2.395007705688476562e+01
5.963999557495117188e+01,2.387938690185546875e+01
5.967999649047851562e+01,2.380876350402832031e+01
5.971999740600585938e+01,2.373819732666015625e+01
5.975999832153320312e+01,2.366770935058593750e+01
5.979999542236328125e+01,2.359731292724609375e+01
5.983999633789062500e+01,2.352698707580566406e+01
5.987999725341796875e+01,2.345674133300781250e+01
5.991999816894531250e+01,2.338663673400878906e+01
5.995999526977539062e+01,2.331661224365234375e+01
5.999999618530273438e+01,2.326585388183593750e+01
6.003999710083007812e+01,2.323431587219238281e+01
6.007999801635742188e+01,2.320280647277832031e+01
6.011999893188476562e+01,2.317127609252929688e+01
6.015999603271484375e+01,2.313977432250976562e+01
6.019999694824218750e+01,2.310829544067382812e+01
6.023999786376953125e+01,2.307683753967285156e+01
6.027999877929687500e+01,2.304540634155273438e+01
6.031999588012695312e+01,2.301399993896484375e+01
6.035999679565429688e+01,2.298261833190917969e+01
6.039999771118164062e+01,2.295125579833984375e+01
6.043999862670898438e+01,2.291992378234863281e+01
6.047999572753906250e+01,2.288861083984375000e+01
6.051999664306640625e+01,2.282007026672363281e+01
6.055999755859375000e+01,2.275161170959472656e+01
6.059999847412109375e+01,2.268325805664062500e+01
6.063999557495117188e+01,2.261500167846679688e+01
6.067999649047851562e+01,2.254683685302734375e+01
6.071999740600585938e+01,2.247855758666992188e+01
6.075999832153320312e+01,2.241036987304687500e+01
6.079999542236328125e+01,2.234228706359863281e+01
6.083999633789062500e+01,2.227429771423339844e+01
6.087999725341796875e+01,2.220640182495117188e+01
6.091999816894531250e+01,2.213878440856933594e+01
6.095999526977539062e+01,2.207127571105957031e+01
6.099999618530273438e+01,2.203411483764648438e+01
6.103999710083007812e+01,2.202723312377929688e+01
6.107999801635742188e+01,2.202033615112304688e+01
6.111999893188476562e+01,2.201266288757324219e+01
6.115999603271484375e+01,2.200497055053710938e+01
6.119999694824218750e+01,2.199726104736328125e+01
6.123999786376953125e+01,2.198952674865722656e+01
6.127999877929687500e+01,2.198177146911621094e+01
6.131999588012695312e+01,2.197527122497558594e+01
6.135999679565429688e+01,2.196875000000000000e+01
6.139999771118164062e+01,2.196220779418945312e+01
6.143999862670898438e+01,2.195564651489257812e+01
6.147999572753906250e+01,2.194906234741210938e+01
6.151999664306640625e+01,2.188233184814453125e+01
6.155999755859375000e+01,2.181568908691406250e+01
6.159999847412109375e+01,2.174914169311523438e+01
6.163999557495117188e+01,2.168268775939941406e+01
6.167999649047851562e+01,2.161632156372070312e+01
6.171999740600585938e+01,2.155006408691406250e+01
6.175999832153320312e+01,2.148389434814453125e+01
6.179999542236328125e+01,2.141782569885253906e+01
6.183999633789062500e+01,2.135184097290039062e+01
6.187999725341796875e+01,2.128595161437988281e+01
6.191999816894531250e+01,2.122012519836425781e+01
6.195999526977539062e+01,2.115439796447753906e+01
6.199999618530273438e+01,2.109890174865722656e+01
6.203999710083007812e+01,2.105363082885742188e+01
6.207999801635742188e+01,2.100841522216796875e+01
6.211999893188476562e+01,2.096330642700195312e+01
6.215999603271484375e+01,2.091825485229492188e+01
6.219999694824218750e+01,2.087325668334960938e+01
6.223999786376953125e+01,2.082831573486328125e+01
6.227999877929687500e+01,2.078343582153320312e+01
6.231999588012695312e+01,2.073855781555175781e+01
6.235999679565429688e+01,2.069372940063476562e+01
6.239999771118164062e+01,2.064896202087402344e+01
6.243999862670898438e+01,2.060424995422363281e+01
6.247999572753906250e+01,2.055960464477539062e+01
6.251999664306640625e+01,2.049823760986328125e+01
6.255999755859375000e+01,2.043695259094238281e+01
6.259999847412109375e+01,2.037574386596679688e+01
6.263999557495117188e+01,2.031462860107421875e+01
6.267999649047851562e+01,2.025358200073242188e+01
6.271999740600585938e+01,2.019217681884765625e+01
6.275999832153320312e+01,2.013085746765136719e+01
6.279999542236328125e+01,2.006962394714355469e+01
6.283999633789062500e+01,2.000847244262695312e+01
6.287999725341796875e+01,1.994740295410156250e+01
6.291999816894531250e+01,1.988663291931152344e+01
6.295999526977539062e+01,1.982594680786132812e+01
6.299999618530273438e+01,1.977846336364746094e+01
6.303999710083007812e+01,1.974415016174316406e+01
6.307999801635742188e+01,1.970986938476562500e+01
6.311999893188476562e+01,1.967565155029296875e+01
6.315999603271484375e+01,1.964147758483886719e+01
6.319999694824218750e+01,1.960733032226562500e+01
6.323999786376953125e+01,1.957321739196777344e+01
6.327999877929687500e+01,1.953914451599121094e+01
6.331999588012695312e+01,1.950504302978515625e+01
6.335999679565429688e+01,1.947098159790039062e+01
6.339999771118164062e+01,1.943694877624511719e+01
6.343999862670898438e+01,1.940295219421386719e+01
6.347999572753906250e+01,1.936899566650390625e+01
6.351999664306640625e+01,1.933047103881835938e+01
6.355999755859375000e+01,1.929199218750000000e+01
6.359999847412109375e+01,1.925355911254882812e+01
6.363999557495117188e+01,1.921517562866210938e+01
6.367999649047851562e+01,1.917683219909667969e+01
6.371999740600585938e+01,1.913851547241210938e+01
6.375999832153320312e+01,1.910024070739746094e+01
6.379999542236328125e+01,1.906201553344726562e+01
6.383999633789062500e+01,1.902383041381835938e+01
6.387999725341796875e+01,1.898569679260253906e+01
6.391999816894531250e+01,1.894770431518554688e+01
6.395999526977539062e+01,1.890975379943847656e+01
6.399999618530273438e+01,1.887086677551269531e+01
6.404000091552734375e+01,1.883103752136230469e+01
6.408000183105468750e+01,1.879125595092773438e+01
6.412000274658203125e+01,1.875136184692382812e+01
6.415999603271484375e+01,1.871152687072753906e+01
6.419999694824218750e+01,1.867173004150390625e+01
6.423999786376953125e+01,1.863197898864746094e+01
6.427999877929687500e+01,1.859227371215820312e+01
6.431999969482421875e+01,1.855269432067871094e+01
6.436000061035156250e+01,1.851315689086914062e+01
6.440000152587890625e+01,1.847366714477539062e+01
6.444000244140625000e+01,1.843422698974609375e+01
6.447999572753906250e+01,1.839483261108398438e+01
6.451999664306640625e+01,1.836363029479980469e+01
6.455999755859375000e+01,1.833245658874511719e+01
6.459999847412109375e+01,1.830131721496582031e+01
6.463999938964843750e+01,1.827021408081054688e+01
6.468000030517578125e+01,1.823914146423339844e+01
6.472000122070312500e+01,1.820773696899414062e+01
6.476000213623046875e+01,1.817636871337890625e+01
6.479999542236328125e+01,1.814503860473632812e+01
6.483999633789062500e+01,1.811373329162597656e+01
6.487999725341796875e+01,1.808247375488281250e+01
6.491999816894531250e+01,1.805110549926757812e+01
6.495999908447265625e+01,1.801978111267089844e+01
6.500000000000000000e+01,1.799058341979980469e+01
6.504000091552734375e+01,1.796352005004882812e+01
6.508000183105468750e+01,1.793647766113281250e+01
6.512000274658203125e+01,1.790970420837402344e+01
6.515999603271484375e+01,1.788295555114746094e+01
6.519999694824218750e+01,1.785622978210449219e+01
6.523999786376953125e+01,1.782953071594238281e+01
6.527999877929687500e+01,1.780285263061523438e+01
6.531999969482421875e+01,1.777612876892089844e+01
6.536000061035156250e+01,1.774943542480468750e+01
6.540000152587890625e+01,1.772276306152343750e+01
6.544000244140625000e+01,1.769611930847167969e+01
6.547999572753906250e+01,1.766950225830078125e+01
6.551999664306640625e+01,1.759985542297363281e+01
6.555999755859375000e+01,1.753030014038085938e+01
6.559999847412109375e+01,1.746084976196289062e+01
6.563999938964843750e+01,1.739149856567382812e+01
6.568000030517578125e+01,1.732225418090820312e+01
6.571999359130859375e+01,1.725335121154785156e+01
6.575999450683593750e+01,1.718452835083007812e+01
6.579999542236328125e+01,1.711581420898437500e+01
6.583999633789062500e+01,1.704719734191894531e+01
6.587999725341796875e+01,1.697867965698242188e+01
6.591999816894531250e+01,1.691003799438476562e+01
6.595999908447265625e+01,1.684150695800781250e+01
6.600000000000000000e+01,1.678722190856933594e+01
6.603999328613281250e+01,1.674715995788574219e+01
6.607999420166015625e+01,1.670713996887207031e+01
6.611999511718750000e+01,1.666698455810546875e+01
6.615999603271484375e+01,1.662688255310058594e+01
6.619999694824218750e+01,1.658683013916015625e+01
6.623999786376953125e+01,1.654682540893554688e+01
6.627999877929687500e+01,1.650687599182128906e+01
6.631999969482421875e+01,1.646723175048828125e+01
6.636000061035156250e+01,1.642763710021972656e+01
6.639999389648437500e+01,1.638810157775878906e+01
6.643999481201171875e+01,1.634860610961914062e+01
6.647999572753906250e+01,1.630916023254394531e+01
6.651999664306640625e+01,1.627808761596679688e+01
6.655999755859375000e+01,1.624705505371093750e+01
6.659999847412109375e+01,1.621606254577636719e+01
6.663999938964843750e+01,1.618509483337402344e+01
6.668000030517578125e+01,1.615417098999023438e+01
6.671999359130859375e+01,1.612284088134765625e+01
6.675999450683593750e+01,1.609154891967773438e+01
6.679999542236328125e+01,1.606028938293457031e+01
6.683999633789062500e+01,1.602906990051269531e+01
6.687999725341796875e+01,1.599788475036621094e+01
6.691999816894531250e+01,1.596699142456054688e+01
6.695999908447265625e+01,1.593613815307617188e+01
6.700000000000000000e+01,1.591134262084960938e+01
6.703999328613281250e+01,1.589258861541748047e+01
6.707999420166015625e+01,1.587384223937988281e+01
6.711999511718750000e+01,1.585534095764160156e+01
6.715999603271484375e+01,1.583684539794921875e+01
6.719999694824218750e+01,1.581834983825683594e+01
6.723999786376953125e+01,1.579986095428466797e+01
6.727999877929687500e+01,1.578137111663818359e+01
6.731999969482421875e+01,1.576243400573730469e+01
6.736000061035156250e+01,1.574350070953369141e+01
6.739999389648437500e+01,1.572456932067871094e+01
6.743999481201171875e+01,1.570564174652099609e+01
6.747999572753906250e+01,1.568671417236328125e+01
6.751999664306640625e+01,1.563926506042480469e+01
6.755999755859375000e+01,1.559189033508300781e+01
6.759999847412109375e+01,1.554460430145263672e+01
6.763999938964843750e+01,1.549740219116210938e+01
6.768000030517578125e+01,1.545028686523437500e+01
6.771999359130859375e+01,1.540331172943115234e+01
6.775999450683593750e+01,1.535641098022460938e+01
6.779999542236328125e+01,1.530959701538085938e+01
6.783999633789062500e+01,1.526286602020263672e+01
6.787999725341796875e+01,1.521622276306152344e+01
6.791999816894531250e+01,1.516956901550292969e+01
6.795999908447265625e+01,1.512300682067871094e+01
6.800000000000000000e+01,1.507218933105468750e+01
6.803999328613281250e+01,1.501714706420898438e+01
6.807999420166015625e+01,1.496218204498291016e+01
6.811999511718750000e+01,1.490740489959716797e+01
6.815999603271484375e+01,1.485272693634033203e+01
6.819999694824218750e+01,1.479813289642333984e+01
6.823999786376953125e+01,1.474363327026367188e+01
6.827999877929687500e+01,1.468922424316406250e+01
6.831999969482421875e+01,1.463484191894531250e+01
6.836000061035156250e+01,1.458055114746093750e+01
6.839999389648437500e+01,1.452635860443115234e+01
6.843999481201171875e+01,1.447225093841552734e+01
6.847999572753906250e+01,1.441822719573974609e+01
6.851999664306640625e+01,1.438685798645019531e+01
6.855999755859375000e+01,1.435553455352783203e+01
6.859999847412109375e+01,1.432424926757812500e+01
6.863999938964843750e+01,1.429301261901855469e+01
6.868000030517578125e+01,1.426181411743164062e+01
6.871999359130859375e+01,1.423056125640869141e+01
6.875999450683593750e+01,1.419934654235839844e+01
6.879999542236328125e+01,1.416817665100097656e+01
6.883999633789062500e+01,1.413704490661621094e+01
6.887999725341796875e+01,1.410596084594726562e+01
6.891999816894531250e+01,1.407499980926513672e+01
6.895999908447265625e+01,1.404408550262451172e+01
6.900000000000000000e+01,1.400363254547119141e+01
6.903999328613281250e+01,1.395364093780517578e+01
6.907999420166015625e+01,1.390366268157958984e+01
6.911999511718750000e+01,1.385390281677246094e+01
6.915999603271484375e+01,1.380417060852050781e+01
6.919999694824218750e+01,1.375445556640625000e+01
6.923999786376953125e+01,1.370476341247558594e+01
6.927999877929687500e+01,1.365508937835693359e+01
6.931999969482421875e+01,1.360498619079589844e+01
6.936000061035156250e+01,1.355490875244140625e+01
6.939999389648437500e+01,1.350486850738525391e+01
6.943999481201171875e+01,1.345484352111816406e+01
6.947999572753906250e+01,1.340484142303466797e+01
6.951999664306640625e+01,1.334374618530273438e+01
6.955999755859375000e+01,1.330188179016113281e+01
6.959999847412109375e+01,1.326006889343261719e+01
6.963999938964843750e+01,1.321829795837402344e+01
6.968000030517578125e+01,1.317657852172851562e+01
6.971999359130859375e+01,1.313528156280517578e+01
6.975999450683593750e+01,1.309402084350585938e+01
6.979999542236328125e+01,1.305281257629394531e+01
6.983999633789062500e+01,1.301164245605468750e+01
6.987999725341796875e+01,1.297051906585693359e+01
6.991999816894531250e+01,1.292785644531250000e+01
6.995999908447265625e+01,1.288525009155273438e+01
7.000000000000000000e+01,1.285004234313964844e+01
7.003999328613281250e+01,1.282223129272460938e+01
7.007999420166015625e+01,1.279445552825927734e+01
7.011999511718750000e+01,1.276841354370117188e+01
7.015999603271484375e+01,1.274239921569824219e+01
7.019999694824218750e+01,1.271641731262207031e+01
7.023999786376953125e+01,1.269046878814697266e+01
7.027999877929687500e+01,1.266454792022705078e+01
7.031999969482421875e+01,1.263690757751464844e+01
7.036000061035156250e+01,1.260930347442626953e+01
7.039999389648437500e+01,1.258174419403076172e+01
7.043999481201171875e+01,1.255422019958496094e+01
7.047999572753906250e+01,1.252672958374023438e+01
7.051999664306640625e+01,1.246929550170898438e+01
7.055999755859375000e+01,1.241194915771484375e+01
7.059999847412109375e+01,1.235469913482666016e+01
7.063999938964843750e+01,1.229754161834716797e+01
7.068000030517578125e+01,1.224047851562500000e+01
7.071999359130859375e+01,1.218321609497070312e+01
7.075999450683593750e+01,1.212603664398193359e+01
7.079999542236328125e+01,1.206895637512207031e+01
7.083999633789062500e+01,1.201197242736816406e+01
7.087999725341796875e+01,1.195508766174316406e+01
7.091999816894531250e+01,1.189702415466308594e+01
7.095999908447265625e+01,1.183906936645507812e+01
7.100000000000000000e+01,1.180779457092285156e+01
7.103999328613281250e+01,1.180312538146972656e+01
7.107999420166015625e+01,1.179845333099365234e+01
7.111999511718750000e+01,1.179518413543701172e+01
7.115999603271484375e+01,1.179191112518310547e+01
7.119999694824218750e+01,1.178864002227783203e+01
7.123999786376953125e+01,1.178536605834960938e+01
7.127999877929687500e+01,1.178209304809570312e+01
7.131999969482421875e+01,1.177726554870605469e+01
7.136000061035156250e+01,1.177243709564208984e+01
7.139999389648437500e+01,1.176761150360107422e+01
7.143999481201171875e+01,1.176278018951416016e+01
7.147999572753906250e+01,1.175795173645019531e+01
7.151999664306640625e+01,1.174933433532714844e+01
7.155999755859375000e+01,1.174071502685546875e+01
7.159999847412109375e+01,1.173209762573242188e+01
7.163999938964843750e+01,1.172348213195800781e+01
7.168000030517578125e+01,1.171486663818359375e+01
7.171999359130859375e+01,1.170590400695800781e+01
7.175999450683593750e+01,1.169693756103515625e+01
7.179999542236328125e+01,1.168797683715820312e+01
7.183999633789062500e+01,1.167901802062988281e+01
7.187999725341796875e+01,1.167006015777587891e+01
7.191999816894531250e+01,1.166042804718017578e+01
7.195999908447265625e+01,1.165080261230468750e+01
7.200000000000000000e+01,1.163582706451416016e+01
7.203999328613281250e+01,1.161550712585449219e+01
7.207999420166015625e+01,1.159519577026367188e+01
7.211999511718750000e+01,1.157648086547851562e+01
7.215999603271484375e+01,1.155777168273925781e+01
7.219999694824218750e+01,1.153906822204589844e+01
7.223999786376953125e+01,1.152037239074707031e+01
7.227999877929687500e+01,1.150167846679687500e+01
7.231999969482421875e+01,1.148263931274414062e+01
7.236000061035156250e+01,1.146360778808593750e+01
7.239999389648437500e+01,1.144458389282226562e+01
7.243999481201171875e+01,1.142556571960449219e+01
7.247999572753906250e+01,1.140655517578125000e+01
7.251999664306640625e+01,1.138562965393066406e+01
7.255999755859375000e+01,1.136471843719482422e+01
7.259999847412109375e+01,1.134382438659667969e+01
7.263999938964843750e+01,1.132294273376464844e+01
7.268000030517578125e+01,1.130207920074462891e+01
7.271999359130859375e+01,1.128143024444580078e+01
7.275999450683593750e+01,1.126078987121582031e+01
7.279999542236328125e+01,1.124016571044921875e+01
7.283999633789062500e+01,1.121955776214599609e+01
7.287999725341796875e+01,1.119896125793457031e+01
7.291999816894531250e+01,1.117990112304687500e+01
7.295999908447265625e+01,1.116084957122802734e+01
7.300000000000000000e+01,1.114186477661132812e+01
7.303999328613281250e+01,1.112294864654541016e+01
7.307999420166015625e+01,1.110403156280517578e+01
7.311999511718750000e+01,1.108407402038574219e+01
7.315999603271484375e+01,1.106412029266357422e+01
7.319999694824218750e+01,1.104417800903320312e+01
7.323999786376953125e+01,1.102424240112304688e+01
7.327999877929687500e+01,1.100431632995605469e+01
7.331999969482421875e+01,1.098401832580566406e+01
7.336000061035156250e+01,1.096372985839843750e+01
7.339999389648437500e+01,1.094345474243164062e+01
7.343999481201171875e+01,1.092318534851074219e+01
7.347999572753906250e+01,1.090292739868164062e+01
7.351999664306640625e+01,1.088276386260986328e+01
7.355999755859375000e+01,1.086260890960693359e+01
7.359999847412109375e+01,1.084246253967285156e+01
7.363999938964843750e+01,1.082232475280761719e+01
7.368000030517578125e+01,1.080219745635986328e+01
7.371999359130859375e+01,1.078105354309082031e+01
7.375999450683593750e+01,1.075991630554199219e+01
7.379999542236328125e+01,1.073879241943359375e+01
7.383999633789062500e+01,1.071768188476562500e+01
7.387999725341796875e+01,1.069658470153808594e+01
7.391999816894531250e+01,1.067609024047851562e+01
7.395999908447265625e+01,1.065560626983642578e+01
7.400000000000000000e+01,1.063546562194824219e+01
7.403999328613281250e+01,1.061567115783691406e+01
7.407999420166015625e+01,1.059588527679443359e+01
7.411999511718750000e+01,1.057629585266113281e+01
7.415999603271484375e+01,1.055671405792236328e+01
7.419999694824218750e+01,1.053714561462402344e+01
7.423999786376953125e+01,1.051758861541748047e+01
7.427999877929687500e+01,1.049804401397705078e+01
7.431999969482421875e+01,1.047769737243652344e+01
7.436000061035156250e+01,1.045736694335937500e+01
7.439999389648437500e+01,1.043705368041992188e+01
7.443999481201171875e+01,1.041675186157226562e+01
7.447999572753906250e+01,1.039646339416503906e+01
7.451999664306640625e+01,1.037600612640380859e+01
7.455999755859375000e+01,1.035555553436279297e+01
7.459999847412109375e+01,1.033511447906494141e+01
7.463999938964843750e+01,1.031468200683593750e+01
7.468000030517578125e+01,1.029425716400146484e+01
7.471999359130859375e+01,1.027342796325683594e+01
7.475999450683593750e+01,1.025260162353515625e+01
7.479999542236328125e+01,1.023178958892822266e+01
7.483999633789062500e+01,1.021098423004150391e+01
7.487999725341796875e+01,1.019019031524658203e+01
7.491999816894531250e+01,1.016940307617187500e+01
7.495999908447265625e+01,1.014862537384033203e+01
7.500000000000000000e+01,1.013377094268798828e+01
7.503999328613281250e+01,1.012483596801757812e+01
7.507999420166015625e+01,1.011590003967285156e+01
7.511999511718750000e+01,1.010698699951171875e+01
7.515999603271484375e+01,1.009807586669921875e+01
7.519999694824218750e+01,1.008916664123535156e+01
7.523999786376953125e+01,1.008026123046875000e+01
7.527999877929687500e+01,1.007135581970214844e+01
7.531999969482421875e+01,1.006269645690917969e+01
7.536000061035156250e+01,1.005403518676757812e+01
7.539999389648437500e+01,1.004538059234619141e+01
7.543999481201171875e+01,1.003672504425048828e+01
7.547999572753906250e+01,1.002807140350341797e+01
7.551999664306640625e+01,1.002541351318359375e+01
7.555999755859375000e+01,1.002275657653808594e+01
7.559999847412109375e+01,1.002009868621826172e+01
7.563999938964843750e+01,1.001744079589843750e+01
7.568000030517578125e+01,1.001478004455566406e+01
7.571999359130859375e+01,1.001399898529052734e+01
7.575999450683593750e+01,1.001321506500244141e+01
7.579999542236328125e+01,1.001243114471435547e+01
7.583999633789062500e+01,1.001164627075195312e+01
7.587999725341796875e+01,1.001085853576660156e+01
7.591999816894531250e+01,1.000901126861572266e+01
7.595999908447265625e+01,1.000716209411621094e+01
7.600000000000000000e+01,9.995629310607910156e+00
7.603999328613281250e+01,9.974415779113769531e+00
7.607999420166015625e+01,9.953208923339843750e+00
7.611999511718750000e+01,9.931221961975097656e+00
7.615999603271484375e+01,9.909245491027832031e+00
7.619999694824218750e+01,9.887281417846679688e+00
7.623999786376953125e+01,9.865330696105957031e+00
7.627999877929687500e+01,9.843390464782714844e+00
7.631999969482421875e+01,9.822827339172363281e+00
7.636000061035156250e+01,9.802272796630859375e+00
7.639999389648437500e+01,9.781726837158203125e+00
7.643999481201171875e+01,9.761184692382812500e+00
7.647999572753906250e+01,9.740647315979003906e+00
7.651999664306640625e+01,9.720642089843750000e+00
7.655999755859375000e+01,9.700648307800292969e+00
7.659999847412109375e+01,9.680659294128417969e+00
7.663999938964843750e+01,9.660676956176757812e+00
7.668000030517578125e+01,9.640701293945312500e+00
7.671999359130859375e+01,9.621142387390136719e+00
7.675999450683593750e+01,9.601583480834960938e+00
7.679999542236328125e+01,9.582032203674316406e+00
7.683999633789062500e+01,9.562485694885253906e+00
7.687999725341796875e+01,9.542944908142089844e+00
7.691999816894531250e+01,9.523525238037109375e+00
7.695999908447265625e+01,9.504109382629394531e+00
7.700000000000000000e+01,9.430157661437988281e+00
7.703999328613281250e+01,9.302303314208984375e+00
7.707999420166015625e+01,9.175244331359863281e+00
7.711999511718750000e+01,9.049137115478515625e+00
7.715999603271484375e+01,8.923860549926757812e+00
7.719999694824218750e+01,8.799346923828125000e+00
7.723999786376953125e+01,8.675661087036132812e+00
7.727999877929687500e+01,8.552740097045898438e+00
7.731999969482421875e+01,8.429264068603515625e+00
7.735999298095703125e+01,8.306631088256835938e+00
7.739999389648437500e+01,8.184789657592773438e+00
7.743999481201171875e+01,8.063812255859375000e+00
7.747999572753906250e+01,7.943634510040283203e+00
7.751999664306640625e+01,7.832076072692871094e+00
7.755999755859375000e+01,7.721140861511230469e+00
7.759999847412109375e+01,7.610894203186035156e+00
7.763999938964843750e+01,7.501270294189453125e+00
7.768000030517578125e+01,7.392329216003417969e+00
7.771999359130859375e+01,7.283983707427978516e+00
7.775999450683593750e+01,7.176259040832519531e+00
7.779999542236328125e+01,7.069216251373291016e+00
7.783999633789062500e+01,6.962798118591308594e+00
7.787999725341796875e+01,6.857059955596923828e+00
7.791999816894531250e+01,6.751951217651367188e+00
7.795999908447265625e+01,6.647524356842041016e+00
7.800000000000000000e+01,6.501855850219726562e+00
7.803999328613281250e+01,6.316458225250244141e+00
7.807999420166015625e+01,6.133618354797363281e+00
7.811999511718750000e+01,5.953503608703613281e+00
7.815999603271484375e+01,5.775987148284912109e+00
7.819999694824218750e+01,5.601013660430908203e+00
7.823999786376953125e+01,5.428636550903320312e+00
7.827999877929687500e+01,5.258809089660644531e+00
7.831999969482421875e+01,5.091229915618896484e+00
7.835999298095703125e+01,4.926254749298095703e+00
7.839999389648437500e+01,4.591930866241455078e+00
7.843999481201171875e+01,4.192697048187255859e+00
7.847999572753906250e+01,3.801099777221679688e+00
7.851999664306640625e+01,3.529710054397583008e+00
7.855999755859375000e+01,3.263948678970336914e+00
7.859999847412109375e+01,3.002154350280761719e+00
7.863999938964843750e+01,2.745150089263916016e+00
7.868000030517578125e+01,2.495376110076904297e+00
7.871999359130859375e+01,2.251886606216430664e+00
7.875999450683593750e+01,2.013612031936645508e+00
7.879999542236328125e+01,1.780919194221496582e+00
7.883999633789062500e+01,1.553908228874206543e+00
7.887999725341796875e+01,1.332553148269653320e+00
7.891999816894531250e+01,1.116944313049316406e+00
7.895999908447265625e+01,9.070231318473815918e-01
7.900000000000000000e+01,8.245456814765930176e-01
7.903999328613281250e+01,8.645998835563659668e-01
7.907999420166015625e+01,9.037702083587646484e-01
7.911999511718750000e+01,9.419682621955871582e-01
7.915999603271484375e+01,9.792563915252685547e-01
7.919999694824218750e+01,1.015669226646423340e+00
7.923999786376953125e+01,1.051171541213989258e+00
7.927999877929687500e+01,1.085797667503356934e+00
7.931999969482421875e+01,1.119524478912353516e+00
7.935999298095703125e+01,1.152359724044799805e+00
7.939999389648437500e+01,1.184315562248229980e+00
7.943999481201171875e+01,1.215359926223754883e+00
7.947999572753906250e+01,1.245526075363159180e+00
7.951999664306640625e+01,1.286784648895263672e+00
7.955999755859375000e+01,1.327966928482055664e+00
7.959999847412109375e+01,1.369038581848144531e+00
7.963999938964843750e+01,1.410031199455261230e+00
7.968000030517578125e+01,1.450913190841674805e+00
7.971999359130859375e+01,1.491497993469238281e+00
7.975999450683593750e+01,1.531992912292480469e+00
7.979999542236328125e+01,1.572366476058959961e+00
7.983999633789062500e+01,1.612650275230407715e+00
7.987999725341796875e+01,1.652812719345092773e+00
7.991999816894531250e+01,1.692995667457580566e+00
7.995999908447265625e+01,1.733062982559204102e+00
8.000000000000000000e+01,0.000000000000000000e+00
8.003999328613281250e+01,0.000000000000000000e+00
8.007999420166015625e+01,0.000000000000000000e+00
8.011999511718750000e+01,0.000000000000000000e+00
8.015999603271484375e+01,0.000000000000000000e+00
8.019999694824218750e+01,0.000000000000000000e+00
8.023999786376953125e+01,0.000000000000000000e+00
8.027999877929687500e+01,0.000000000000000000e+00
8.031999969482421875e+01,0.000000000000000000e+00
8.035999298095703125e+01,0.000000000000000000e+00
8.039999389648437500e+01,0.000000000000000000e+00
8.043999481201171875e+01,0.000000000000000000e+00
8.047999572753906250e+01,0.000000000000000000e+00
8.051999664306640625e+01,0.000000000000000000e+00
8.055999755859375000e+01,0.000000000000000000e+00
8.059999847412109375e+01,0.000000000000000000e+00
8.063999938964843750e+01,0.000000000000000000e+00
8.068000030517578125e+01,0.000000000000000000e+00
8.071999359130859375e+01,0.000000000000000000e+00
8.075999450683593750e+01,0.000000000000000000e+00
8.079999542236328125e+01,0.000000000000000000e+00
8.083999633789062500e+01,0.000000000000000000e+00
8.087999725341796875e+01,0.000000000000000000e+00
8.091999816894531250e+01,0.000000000000000000e+00
8.095999908447265625e+01,0.000000000000000000e+00
8.100000000000000000e+01,0.000000000000000000e+00
8.103999328613281250e+01,0.000000000000000000e+00
8.107999420166015625e+01,0.000000000000000000e+00
8.111999511718750000e+01,0.000000000000000000e+00
8.115999603271484375e+01,0.000000000000000000e+00
8.119999694824218750e+01,0.000000000000000000e+00
8.123999786376953125e+01,0.000000000000000000e+00
8.127999877929687500e+01,0.000000000000000000e+00
8.131999969482421875e+01,0.000000000000000000e+00
8.135999298095703125e+01,0.000000000000000000e+00
8.139999389648437500e+01,0.000000000000000000e+00
8.143999481201171875e+01,0.000000000000000000e+00
8.147999572753906250e+01,0.000000000000000000e+00
8.151999664306640625e+01,0.000000000000000000e+00
8.155999755859375000e+01,0.000000000000000000e+00
8.159999847412109375e+01,0.000000000000000000e+00
8.163999938964843750e+01,0.000000000000000000e+00
8.168000030517578125e+01,0.000000000000000000e+00
8.171999359130859375e+01,0.000000000000000000e+00
8.175999450683593750e+01,0.000000000000000000e+00
8.179999542236328125e+01,0.000000000000000000e+00
8.183999633789062500e+01,0.000000000000000000e+00
8.187999725341796875e+01,0.000000000000000000e+00
8.191999816894531250e+01,0.000000000000000000e+00
8.195999908447265625e+01,0.000000000000000000e+00
8.200000000000000000e+01,0.000000000000000000e+00
8.203999328613281250e+01,0.000000000000000000e+00
8.207999420166015625e+01,0.000000000000000000e+00
8.211999511718750000e+01,0.000000000000000000e+00
8.215999603271484375e+01,0.000000000000000000e+00
8.219999694824218750e+01,0.000000000000000000e+00
8.223999786376953125e+01,0.000000000000000000e+00
8.227999877929687500e+01,0.000000000000000000e+00
8.231999969482421875e+01,0.000000000000000000e+00
8.235999298095703125e+01,0.000000000000000000e+00
8.239999389648437500e+01,0.000000000000000000e+00
8.243999481201171875e+01,0.000000000000000000e+00
8.247999572753906250e+01,0.000000000000000000e+00
8.251999664306640625e+01,0.000000000000000000e+00
8.255999755859375000e+01,0.000000000000000000e+00
8.259999847412109375e+01,0.000000000000000000e+00
8.263999938964843750e+01,0.000000000000000000e+00
8.268000030517578125e+01,0.000000000000000000e+00
8.271999359130859375e+01,0.000000000000000000e+00
8.275999450683593750e+01,0.000000000000000000e+00
8.279999542236328125e+01,0.000000000000000000e+00
8.283999633789062500e+01,0.000000000000000000e+00
8.287999725341796875e+01,0.000000000000000000e+00
8.291999816894531250e+01,0.000000000000000000e+00
8.295999908447265625e+01,0.000000000000000000e+00
8.300000000000000000e+01,0.000000000000000000e+00
8.303999328613281250e+01,0.000000000000000000e+00
8.307999420166015625e+01,0.000000000000000000e+00
8.311999511718750000e+01,0.000000000000000000e+00
8.315999603271484375e+01,0.000000000000000000e+00
8.319999694824218750e+01,0.000000000000000000e+00
8.323999786376953125e+01,0.000000000000000000e+00
8.327999877929687500e+01,0.000000000000000000e+00
8.331999969482421875e+01,0.000000000000000000e+00
8.335999298095703125e+01,0.000000000000000000e+00
8.339999389648437500e+01,0.000000000000000000e+00
8.343999481201171875e+01,0.000000000000000000e+00
8.347999572753906250e+01,0.000000000000000000e+00
8.351999664306640625e+01,0.000000000000000000e+00
8.355999755859375000e+01,0.000000000000000000e+00
8.359999847412109375e+01,0.000000000000000000e+00
8.363999938964843750e+01,0.000000000000000000e+00
8.368000030517578125e+01,0.000000000000000000e+00
8.371999359130859375e+01,0.000000000000000000e+00
8.375999450683593750e+01,0.000000000000000000e+00
8.379999542236328125e+01,0.000000000000000000e+00
8.383999633789062500e+01,0.000000000000000000e+00
8.387999725341796875e+01,0.000000000000000000e+00
8.391999816894531250e+01,0.000000000000000000e+00
8.395999908447265625e+01,0.000000000000000000e+00
8.400000000000000000e+01,0.000000000000000000e+00
8.403999328613281250e+01,0.000000000000000000e+00
8.407999420166015625e+01,0.000000000000000000e+00
8.411999511718750000e+01,0.000000000000000000e+00
8.415999603271484375e+01,0.000000000000000000e+00
8.419999694824218750e+01,0.000000000000000000e+00
8.423999786376953125e+01,0.000000000000000000e+00
8.427999877929687500e+01,0.000000000000000000e+00
8.431999969482421875e+01,0.000000000000000000e+00
8.435999298095703125e+01,0.000000000000000000e+00
8.439999389648437500e+01,0.000000000000000000e+00
8.443999481201171875e+01,0.000000000000000000e+00
8.447999572753906250e+01,0.000000000000000000e+00
8.451999664306640625e+01,0.000000000000000000e+00
8.455999755859375000e+01,0.000000000000000000e+00
8.459999847412109375e+01,0.000000000000000000e+00
8.463999938964843750e+01,0.000000000000000000e+00
8.468000030517578125e+01,0.000000000000000000e+00
8.471999359130859375e+01,0.000000000000000000e+00
8.475999450683593750e+01,0.000000000000000000e+00
8.479999542236328125e+01,0.000000000000000000e+00
8.483999633789062500e+01,0.000000000000000000e+00
8.487999725341796875e+01,0.000000000000000000e+00
8.491999816894531250e+01,0.000000000000000000e+00
8.495999908447265625e+01,0.000000000000000000e+00
8.500000000000000000e+01,0.000000000000000000e+00
8.503999328613281250e+01,0.000000000000000000e+00
8.507999420166015625e+01,0.000000000000000000e+00
8.511999511718750000e+01,0.000000000000000000e+00
8.515999603271484375e+01,0.000000000000000000e+00
8.519999694824218750e+01,0.000000000000000000e+00
8.523999786376953125e+01,0.000000000000000000e+00
8.527999877929687500e+01,0.000000000000000000e+00
8.531999969482421875e+01,0.000000000000000000e+00
8.535999298095703125e+01,0.000000000000000000e+00
8.539999389648437500e+01,0.000000000000000000e+00
8.543999481201171875e+01,0.000000000000000000e+00
8.547999572753906250e+01,0.000000000000000000e+00
8.551999664306640625e+01,0.000000000000000000e+00
8.555999755859375000e+01,0.000000000000000000e+00
8.559999847412109375e+01,0.000000000000000000e+00
8.563999938964843750e+01,0.000000000000000000e+00
8.568000030517578125e+01,0.000000000000000000e+00
8.571999359130859375e+01,0.000000000000000000e+00
8.575999450683593750e+01,0.000000000000000000e+00
8.579999542236328125e+01,0.000000000000000000e+00
8.583999633789062500e+01,0.000000000000000000e+00
8.587999725341796875e+01,0.000000000000000000e+00
8.591999816894531250e+01,0.000000000000000000e+00
8.595999908447265625e+01,0.000000000000000000e+00
8.600000000000000000e+01,0.000000000000000000e+00
8.603999328613281250e+01,0.000000000000000000e+00
8.607999420166015625e+01,0.000000000000000000e+00
8.611999511718750000e+01,0.000000000000000000e+00
8.615999603271484375e+01,0.000000000000000000e+00
8.619999694824218750e+01,0.000000000000000000e+00
8.623999786376953125e+01,0.000000000000000000e+00
8.627999877929687500e+01,0.000000000000000000e+00
8.631999969482421875e+01,0.000000000000000000e+00
8.635999298095703125e+01,0.000000000000000000e+00
8.639999389648437500e+01,0.000000000000000000e+00
8.643999481201171875e+01,0.000000000000000000e+00
8.647999572753906250e+01,0.000000000000000000e+00
8.651999664306640625e+01,0.000000000000000000e+00
8.655999755859375000e+01,0.000000000000000000e+00
8.659999847412109375e+01,0.000000000000000000e+00
8.663999938964843750e+01,0.000000000000000000e+00
8.668000030517578125e+01,0.000000000000000000e+00
8.671999359130859375e+01,0.000000000000000000e+00
8.675999450683593750e+01,0.000000000000000000e+00
8.679999542236328125e+01,0.000000000000000000e+00
8.683999633789062500e+01,0.000000000000000000e+00
8.687999725341796875e+01,0.000000000000000000e+00
8.691999816894531250e+01,0.000000000000000000e+00
8.695999908447265625e+01,0.000000000000000000e+00
8.700000000000000000e+01,0.000000000000000000e+00
8.703999328613281250e+01,0.000000000000000000e+00
8.707999420166015625e+01,0.000000000000000000e+00
8.711999511718750000e+01,0.000000000000000000e+00
8.715999603271484375e+01,0.000000000000000000e+00
8.719999694824218750e+01,0.000000000000000000e+00
8.723999786376953125e+01,0.000000000000000000e+00
8.727999877929687500e+01,0.000000000000000000e+00
8.731999969482421875e+01,0.000000000000000000e+00
8.735999298095703125e+01,0.000000000000000000e+00
8.739999389648437500e+01,0.000000000000000000e+00
8.743999481201171875e+01,0.000000000000000000e+00
8.747999572753906250e+01,0.000000000000000000e+00
8.751999664306640625e+01,0.000000000000000000e+00
8.755999755859375000e+01,0.000000000000000000e+00
8.759999847412109375e+01,0.000000000000000000e+00
8.763999938964843750e+01,0.000000000000000000e+00
8.768000030517578125e+01,0.000000000000000000e+00
8.771999359130859375e+01,0.000000000000000000e+00
8.775999450683593750e+01,0.000000000000000000e+00
8.779999542236328125e+01,0.000000000000000000e+00
8.783999633789062500e+01,0.000000000000000000e+00
8.787999725341796875e+01,0.000000000000000000e+00
8.791999816894531250e+01,0.000000000000000000e+00
8.795999908447265625e+01,0.000000000000000000e+00
8.800000000000000000e+01,0.000000000000000000e+00
8.803999328613281250e+01,0.000000000000000000e+00
8.807999420166015625e+01,0.000000000000000000e+00
8.811999511718750000e+01,0.000000000000000000e+00
8.815999603271484375e+01,0.000000000000000000e+00
8.819999694824218750e+01,0.000000000000000000e+00
8.823999786376953125e+01,0.000000000000000000e+00
8.827999877929687500e+01,0.000000000000000000e+00
8.831999969482421875e+01,0.000000000000000000e+00
8.835999298095703125e+01,0.000000000000000000e+00
8.839999389648437500e+01,0.000000000000000000e+00
8.843999481201171875e+01,0.000000000000000000e+00
8.847999572753906250e+01,0.000000000000000000e+00
8.851999664306640625e+01,0.000000000000000000e+00
8.855999755859375000e+01,0.000000000000000000e+00
8.859999847412109375e+01,0.000000000000000000e+00
8.863999938964843750e+01,0.000000000000000000e+00
8.868000030517578125e+01,0.000000000000000000e+00
8.871999359130859375e+01,0.000000000000000000e+00
8.875999450683593750e+01,0.000000000000000000e+00
8.879999542236328125e+01,0.000000000000000000e+00
8.883999633789062500e+01,0.000000000000000000e+00
8.887999725341796875e+01,0.000000000000000000e+00
8.891999816894531250e+01,0.000000000000000000e+00
8.895999908447265625e+01,0.000000000000000000e+00
8.900000000000000000e+01,0.000000000000000000e+00
8.903999328613281250e+01,0.000000000000000000e+00
8.907999420166015625e+01,0.000000000000000000e+00
8.911999511718750000e+01,0.000000000000000000e+00
8.915999603271484375e+01,0.000000000000000000e+00
8.919999694824218750e+01,0.000000000000000000e+00
8.923999786376953125e+01,0.000000000000000000e+00
8.927999877929687500e+01,0.000000000000000000e+00
8.931999969482421875e+01,0.000000000000000000e+00
8.935999298095703125e+01,0.000000000000000000e+00
8.939999389648437500e+01,0.000000000000000000e+00
8.943999481201171875e+01,0.000000000000000000e+00
8.947999572753906250e+01,0.000000000000000000e+00
8.951999664306640625e+01,0.000000000000000000e+00
8.955999755859375000e+01,0.000000000000000000e+00
8.959999847412109375e+01,0.000000000000000000e+00
8.963999938964843750e+01,0.000000000000000000e+00
8.968000030517578125e+01,0.000000000000000000e+00
8.971999359130859375e+01,0.000000000000000000e+00
8.975999450683593750e+01,0.000000000000000000e+00
8.979999542236328125e+01,0.000000000000000000e+00
8.983999633789062500e+01,0.000000000000000000e+00
8.987999725341796875e+01,0.000000000000000000e+00
8.991999816894531250e+01,0.000000000000000000e+00
8.995999908447265625e+01,0.000000000000000000e+00
9.000000000000000000e+01,0.000000000000000000e+00
9.003999328613281250e+01,0.000000000000000000e+00
9.007999420166015625e+01,0.000000000000000000e+00
9.011999511718750000e+01,0.000000000000000000e+00
9.015999603271484375e+01,0.000000000000000000e+00
9.019999694824218750e+01,0.000000000000000000e+00
9.023999786376953125e+01,0.000000000000000000e+00
9.027999877929687500e+01,0.000000000000000000e+00
9.031999969482421875e+01,0.000000000000000000e+00
9.035999298095703125e+01,0.000000000000000000e+00
9.039999389648437500e+01,0.000000000000000000e+00
9.043999481201171875e+01,0.000000000000000000e+00
9.047999572753906250e+01,0.000000000000000000e+00
9.051999664306640625e+01,0.000000000000000000e+00
9.055999755859375000e+01,0.000000000000000000e+00
9.059999847412109375e+01,0.000000000000000000e+00
9.063999938964843750e+01,0.000000000000000000e+00
9.067999267578125000e+01,0.000000000000000000e+00
9.071999359130859375e+01,0.000000000000000000e+00
9.075999450683593750e+01,0.000000000000000000e+00
9.079999542236328125e+01,0.000000000000000000e+00
9.083999633789062500e+01,0.000000000000000000e+00
9.087999725341796875e+01,0.000000000000000000e+00
9.091999816894531250e+01,0.000000000000000000e+00
9.095999908447265625e+01,0.000000000000000000e+00
9.100000000000000000e+01,0.000000000000000000e+00
9.103999328613281250e+01,0.000000000000000000e+00
9.107999420166015625e+01,0.000000000000000000e+00
9.111999511718750000e+01,0.000000000000000000e+00
9.115999603271484375e+01,0.000000000000000000e+00
9.119999694824218750e+01,0.000000000000000000e+00
9.123999786376953125e+01,0.000000000000000000e+00
9.127999877929687500e+01,0.000000000000000000e+00
9.131999969482421875e+01,0.000000000000000000e+00
9.135999298095703125e+01,0.000000000000000000e+00
9.139999389648437500e+01,0.000000000000000000e+00
9.143999481201171875e+01,0.000000000000000000e+00
9.147999572753906250e+01,0.000000000000000000e+00
9.151999664306640625e+01,0.000000000000000000e+00
9.155999755859375000e+01,0.000000000000000000e+00
9.159999847412109375e+01,0.000000000000000000e+00
9.163999938964843750e+01,0.000000000000000000e+00
9.167999267578125000e+01,0.000000000000000000e+00
9.171999359130859375e+01,0.000000000000000000e+00
9.175999450683593750e+01,0.000000000000000000e+00
9.179999542236328125e+01,0.000000000000000000e+00
9.183999633789062500e+01,0.000000000000000000e+00
9.187999725341796875e+01,0.000000000000000000e+00
9.191999816894531250e+01,0.000000000000000000e+00
9.195999908447265625e+01,0.000000000000000000e+00
9.200000000000000000e+01,0.000000000000000000e+00
9.203999328613281250e+01,0.000000000000000000e+00
9.207999420166015625e+01,0.000000000000000000e+00
9.211999511718750000e+01,0.000000000000000000e+00
9.215999603271484375e+01,0.000000000000000000e+00
9.219999694824218750e+01,0.000000000000000000e+00
9.223999786376953125e+01,0.000000000000000000e+00
9.227999877929687500e+01,0.000000000000000000e+00
9.231999969482421875e+01,0.000000000000000000e+00
9.235999298095703125e+01,0.000000000000000000e+00
9.239999389648437500e+01,0.000000000000000000e+00
9.243999481201171875e+01,0.000000000000000000e+00
9.247999572753906250e+01,0.000000000000000000e+00
9.251999664306640625e+01,0.000000000000000000e+00
9.255999755859375000e+01,0.000000000000000000e+00
9.259999847412109375e+01,0.000000000000000000e+00
9.263999938964843750e+01,0.000000000000000000e+00
9.267999267578125000e+01,0.000000000000000000e+00
9.271999359130859375e+01,0.000000000000000000e+00
9.275999450683593750e+01,0.000000000000000000e+00
9.279999542236328125e+01,0.000000000000000000e+00
9.283999633789062500e+01,0.000000000000000000e+00
9.287999725341796875e+01,0.000000000000000000e+00
9.291999816894531250e+01,0.000000000000000000e+00
9.295999908447265625e+01,0.000000000000000000e+00
9.300000000000000000e+01,0.000000000000000000e+00
9.303999328613281250e+01,0.000000000000000000e+00
9.307999420166015625e+01,0.000000000000000000e+00
9.311999511718750000e+01,0.000000000000000000e+00
9.315999603271484375e+01,0.000000000000000000e+00
9.319999694824218750e+01,0.000000000000000000e+00
9.323999786376953125e+01,0.000000000000000000e+00
9.327999877929687500e+01,0.000000000000000000e+00
9.331999969482421875e+01,0.000000000000000000e+00
9.335999298095703125e+01,0.000000000000000000e+00
9.339999389648437500e+01,0.000000000000000000e+00
9.343999481201171875e+01,0.000000000000000000e+00
9.347999572753906250e+01,0.000000000000000000e+00
9.351999664306640625e+01,0.000000000000000000e+00
9.355999755859375000e+01,0.000000000000000000e+00
9.359999847412109375e+01,0.000000000000000000e+00
9.363999938964843750e+01,0.000000000000000000e+00
9.367999267578125000e+01,0.000000000000000000e+00
9.371999359130859375e+01,0.000000000000000000e+00
9.375999450683593750e+01,0.000000000000000000e+00
9.379999542236328125e+01,0.000000000000000000e+00
9.383999633789062500e+01,0.000000000000000000e+00
9.387999725341796875e+01,0.000000000000000000e+00
9.391999816894531250e+01,0.000000000000000000e+00
9.395999908447265625e+01,0.000000000000000000e+00
9.400000000000000000e+01,0.000000000000000000e+00
9.403999328613281250e+01,0.000000000000000000e+00
9.407999420166015625e+01,0.000000000000000000e+00
9.411999511718750000e+01,0.000000000000000000e+00
9.415999603271484375e+01,0.000000000000000000e+00
9.419999694824218750e+01,0.000000000000000000e+00
9.423999786376953125e+01,0.000000000000000000e+00
9.427999877929687500e+01,0.000000000000000000e+00
9.431999969482421875e+01,0.000000000000000000e+00
9.435999298095703125e+01,0.000000000000000000e+00
9.439999389648437500e+01,0.000000000000000000e+00
9.443999481201171875e+01,0.000000000000000000e+00
9.447999572753906250e+01,0.000000000000000000e+00
9.451999664306640625e+01,0.000000000000000000e+00
9.455999755859375000e+01,0.000000000000000000e+00
9.459999847412109375e+01,0.000000000000000000e+00
9.463999938964843750e+01,0.000000000000000000e+00
9.467999267578125000e+01,0.000000000000000000e+00
9.471999359130859375e+01,0.000000000000000000e+00
9.475999450683593750e+01,0.000000000000000000e+00
9.479999542236328125e+01,0.000000000000000000e+00
9.483999633789062500e+01,0.000000000000000000e+00
9.487999725341796875e+01,0.000000000000000000e+00
9.491999816894531250e+01,0.000000000000000000e+00
9.495999908447265625e+01,0.000000000000000000e+00
9.500000000000000000e+01,0.000000000000000000e+00
9.503999328613281250e+01,0.000000000000000000e+00
9.507999420166015625e+01,0.000000000000000000e+00
9.511999511718750000e+01,0.000000000000000000e+00
9.515999603271484375e+01,0.000000000000000000e+00
9.519999694824218750e+01,0.000000000000000000e+00
9.523999786376953125e+01,0.000000000000000000e+00
9.527999877929687500e+01,0.000000000000000000e+00
9.531999969482421875e+01,0.000000000000000000e+00
9.535999298095703125e+01,0.000000000000000000e+00
9.539999389648437500e+01,0.000000000000000000e+00
9.543999481201171875e+01,0.000000000000000000e+00
9.547999572753906250e+01,0.000000000000000000e+00
9.551999664306640625e+01,0.000000000000000000e+00
9.555999755859375000e+01,0.000000000000000000e+00
9.559999847412109375e+01,0.000000000000000000e+00
9.563999938964843750e+01,0.000000000000000000e+00
9.567999267578125000e+01,0.000000000000000000e+00
9.571999359130859375e+01,0.000000000000000000e+00
9.575999450683593750e+01,0.000000000000000000e+00
9.579999542236328125e+01,0.000000000000000000e+00
9.583999633789062500e+01,0.000000000000000000e+00
9.587999725341796875e+01,0.000000000000000000e+00
9.591999816894531250e+01,0.000000000000000000e+00
9.595999908447265625e+01,0.000000000000000000e+00
9.600000000000000000e+01,0.000000000000000000e+00
9.603999328613281250e+01,0.000000000000000000e+00
9.607999420166015625e+01,0.000000000000000000e+00
9.611999511718750000e+01,0.000000000000000000e+00
9.615999603271484375e+01,0.000000000000000000e+00
9.619999694824218750e+01,0.000000000000000000e+00
9.623999786376953125e+01,0.000000000000000000e+00
9.627999877929687500e+01,0.000000000000000000e+00
9.631999969482421875e+01,0.000000000000000000e+00
9.635999298095703125e+01,0.000000000000000000e+00
9.639999389648437500e+01,0.000000000000000000e+00
9.643999481201171875e+01,0.000000000000000000e+00
9.647999572753906250e+01,0.000000000000000000e+00
9.651999664306640625e+01,0.000000000000000000e+00
9.655999755859375000e+01,0.000000000000000000e+00
9.659999847412109375e+01,0.000000000000000000e+00
9.663999938964843750e+01,0.000000000000000000e+00
9.667999267578125000e+01,0.000000000000000000e+00
9.671999359130859375e+01,0.000000000000000000e+00
9.675999450683593750e+01,0.000000000000000000e+00
9.679999542236328125e+01,0.000000000000000000e+00
9.683999633789062500e+01,0.000000000000000000e+00
9.687999725341796875e+01,0.000000000000000000e+00
9.691999816894531250e+01,0.000000000000000000e+00
9.695999908447265625e+01,0.000000000000000000e+00
9.700000000000000000e+01,0.000000000000000000e+00
9.703999328613281250e+01,0.000000000000000000e+00
9.707999420166015625e+01,0.000000000000000000e+00
9.711999511718750000e+01,0.000000000000000000e+00
9.715999603271484375e+01,0.000000000000000000e+00
9.719999694824218750e+01,0.000000000000000000e+00
9.723999786376953125e+01,0.000000000000000000e+00
9.727999877929687500e+01,0.000000000000000000e+00
9.731999969482421875e+01,0.000000000000000000e+00
9.735999298095703125e+01,0.000000000000000000e+00
9.739999389648437500e+01,0.000000000000000000e+00
9.743999481201171875e+01,0.000000000000000000e+00
9.747999572753906250e+01,0.000000000000000000e+00
9.751999664306640625e+01,0.000000000000000000e+00
9.755999755859375000e+01,0.000000000000000000e+00
9.759999847412109375e+01,0.000000000000000000e+00
9.763999938964843750e+01,0.000000000000000000e+00
9.767999267578125000e+01,0.000000000000000000e+00
9.771999359130859375e+01,0.000000000000000000e+00
9.775999450683593750e+01,0.000000000000000000e+00
9.779999542236328125e+01,0.000000000000000000e+00
9.783999633789062500e+01,0.000000000000000000e+00
9.787999725341796875e+01,0.000000000000000000e+00
9.791999816894531250e+01,0.000000000000000000e+00
9.795999908447265625e+01,0.000000000000000000e+00
9.800000000000000000e+01,0.000000000000000000e+00
9.803999328613281250e+01,0.000000000000000000e+00
9.807999420166015625e+01,0.000000000000000000e+00
9.811999511718750000e+01,0.000000000000000000e+00
9.815999603271484375e+01,0.000000000000000000e+00
9.819999694824218750e+01,0.000000000000000000e+00
9.823999786376953125e+01,0.000000000000000000e+00
9.827999877929687500e+01,0.000000000000000000e+00
9.831999969482421875e+01,0.000000000000000000e+00
9.835999298095703125e+01,0.000000000000000000e+00
9.839999389648437500e+01,0.000000000000000000e+00
9.843999481201171875e+01,0.000000000000000000e+00
9.847999572753906250e+01,0.000000000000000000e+00
9.851999664306640625e+01,0.000000000000000000e+00
9.855999755859375000e+01,0.000000000000000000e+00
9.859999847412109375e+01,0.000000000000000000e+00
9.863999938964843750e+01,0.000000000000000000e+00
9.867999267578125000e+01,0.000000000000000000e+00
9.871999359130859375e+01,0.000000000000000000e+00
9.875999450683593750e+01,0.000000000000000000e+00
9.879999542236328125e+01,0.000000000000000000e+00
9.883999633789062500e+01,0.000000000000000000e+00
9.887999725341796875e+01,0.000000000000000000e+00
9.891999816894531250e+01,0.000000000000000000e+00
9.895999908447265625e+01,0.000000000000000000e+00
9.900000000000000000e+01,0.000000000000000000e+00
9.903999328613281250e+01,0.000000000000000000e+00
9.907999420166015625e+01,0.000000000000000000e+00
9.911999511718750000e+01,0.000000000000000000e+00
9.915999603271484375e+01,0.000000000000000000e+00
9.919999694824218750e+01,0.000000000000000000e+00
9.923999786376953125e+01,0.000000000000000000e+00
9.927999877929687500e+01,0.000000000000000000e+00
9.931999969482421875e+01,0.000000000000000000e+00
9.935999298095703125e+01,0.000000000000000000e+00
9.939999389648437500e+01,0.000000000000000000e+00
9.943999481201171875e+01,0.000000000000000000e+00
9.947999572753906250e+01,0.000000000000000000e+00
9.951999664306640625e+01,0.000000000000000000e+00
9.955999755859375000e+01,0.000000000000000000e+00
9.959999847412109375e+01,0.000000000000000000e+00
9.963999938964843750e+01,0.000000000000000000e+00
9.967999267578125000e+01,0.000000000000000000e+00
9.971999359130859375e+01,0.000000000000000000e+00
9.975999450683593750e+01,0.000000000000000000e+00
9.979999542236328125e+01,0.000000000000000000e+00
9.983999633789062500e+01,0.000000000000000000e+00
9.987999725341796875e+01,0.000000000000000000e+00
9.991999816894531250e+01,0.000000000000000000e+00
9.995999908447265625e+01,0.000000000000000000e+00
1.000000000000000000e+02,0.000000000000000000e+00
1.000399932861328125e+02,0.000000000000000000e+00
1.000799942016601562e+02,0.000000000000000000e+00
1.001199951171875000e+02,0.000000000000000000e+00
1.001599960327148438e+02,0.000000000000000000e+00
1.001999969482421875e+02,0.000000000000000000e+00
1.002399978637695312e+02,0.000000000000000000e+00
1.002799987792968750e+02,0.000000000000000000e+00
1.003199996948242188e+02,0.000000000000000000e+00
1.003599929809570312e+02,0.000000000000000000e+00
1.003999938964843750e+02,0.000000000000000000e+00
1.004399948120117188e+02,0.000000000000000000e+00
1.004799957275390625e+02,0.000000000000000000e+00
1.005199966430664062e+02,0.000000000000000000e+00
1.005599975585937500e+02,0.000000000000000000e+00
1.005999984741210938e+02,0.000000000000000000e+00
1.006399993896484375e+02,0.000000000000000000e+00
1.006799926757812500e+02,0.000000000000000000e+00
1.007199935913085938e+02,0.000000000000000000e+00
1.007599945068359375e+02,0.000000000000000000e+00
1.007999954223632812e+02,0.000000000000000000e+00
1.008399963378906250e+02,0.000000000000000000e+00
1.008799972534179688e+02,0.000000000000000000e+00
1.009199981689453125e+02,0.000000000000000000e+00
1.009599990844726562e+02,0.000000000000000000e+00
1.010000000000000000e+02,0.000000000000000000e+00
1.010399932861328125e+02,0.000000000000000000e+00
1.010799942016601562e+02,0.000000000000000000e+00
1.011199951171875000e+02,0.000000000000000000e+00
1.011599960327148438e+02,0.000000000000000000e+00
1.011999969482421875e+02,0.000000000000000000e+00
1.012399978637695312e+02,0.000000000000000000e+00
1.012799987792968750e+02,0.000000000000000000e+00
1.013199996948242188e+02,0.000000000000000000e+00
1.013599929809570312e+02,0.000000000000000000e+00
1.013999938964843750e+02,0.000000000000000000e+00
1.014399948120117188e+02,0.000000000000000000e+00
1.014799957275390625e+02,0.000000000000000000e+00
1.015199966430664062e+02,0.000000000000000000e+00
1.015599975585937500e+02,0.000000000000000000e+00
1.015999984741210938e+02,0.000000000000000000e+00
1.016399993896484375e+02,0.000000000000000000e+00
1.016799926757812500e+02,0.000000000000000000e+00
1.017199935913085938e+02,0.000000000000000000e+00
1.017599945068359375e+02,0.000000000000000000e+00
1.017999954223632812e+02,0.000000000000000000e+00
1.018399963378906250e+02,0.000000000000000000e+00
1.018799972534179688e+02,0.000000000000000000e+00
1.019199981689453125e+02,0.000000000000000000e+00
1.019599990844726562e+02,0.000000000000000000e+00
1.020000000000000000e+02,0.000000000000000000e+00
1.020399932861328125e+02,0.000000000000000000e+00
1.020799942016601562e+02,0.000000000000000000e+00
1.021199951171875000e+02,0.000000000000000000e+00
1.021599960327148438e+02,0.000000000000000000e+00
1.021999969482421875e+02,0.000000000000000000e+00
1.022399978637695312e+02,0.000000000000000000e+00
1.022799987792968750e+02,0.000000000000000000e+00
1.023199996948242188e+02,0.000000000000000000e+00
1.023599929809570312e+02,0.000000000000000000e+00
1.023999938964843750e+02,0.000000000000000000e+00
1.024399948120117188e+02,0.000000000000000000e+00
1.024799957275390625e+02,0.000000000000000000e+00
1.025199966430664062e+02,0.000000000000000000e+00
1.025599975585937500e+02,0.000000000000000000e+00
1.025999984741210938e+02,0.000000000000000000e+00
1.026399993896484375e+02,0.000000000000000000e+00
1.026799926757812500e+02,0.000000000000000000e+00
1.027199935913085938e+02,0.000000000000000000e+00
1.027599945068359375e+02,0.000000000000000000e+00
1.027999954223632812e+02,0.000000000000000000e+00
1.028399963378906250e+02,0.000000000000000000e+00
1.028799972534179688e+02,0.000000000000000000e+00
1.029199981689453125e+02,0.000000000000000000e+00
1.029599990844726562e+02,0.000000000000000000e+00
1.030000000000000000e+02,0.000000000000000000e+00
1.030399932861328125e+02,0.000000000000000000e+00
1.030799942016601562e+02,0.000000000000000000e+00
1.031199951171875000e+02,0.000000000000000000e+00
1.031599960327148438e+02,0.000000000000000000e+00
1.031999969482421875e+02,0.000000000000000000e+00
1.032399978637695312e+02,0.000000000000000000e+00
1.032799987792968750e+02,0.000000000000000000e+00
1.033199996948242188e+02,0.000000000000000000e+00
1.033599929809570312e+02,0.000000000000000000e+00
1.033999938964843750e+02,0.000000000000000000e+00
1.034399948120117188e+02,0.000000000000000000e+00
1.034799957275390625e+02,0.000000000000000000e+00
1.035199966430664062e+02,0.000000000000000000e+00
1.035599975585937500e+02,0.000000000000000000e+00
1.035999984741210938e+02,0.000000000000000000e+00
1.036399993896484375e+02,0.000000000000000000e+00
1.036799926757812500e+02,0.000000000000000000e+00
1.037199935913085938e+02,0.000000000000000000e+00
1.037599945068359375e+02,0.000000000000000000e+00
1.037999954223632812e+02,0.000000000000000000e+00
1.038399963378906250e+02,0.000000000000000000e+00
1.038799972534179688e+02,0.000000000000000000e+00
1.039199981689453125e+02,0.000000000000000000e+00
1.039599990844726562e+02,0.000000000000000000e+00
1.039999923706054688e+02,0.000000000000000000e+00
1.040399932861328125e+02,0.000000000000000000e+00
1.040799942016601562e+02,0.000000000000000000e+00
1.041199951171875000e+02,0.000000000000000000e+00
1.041599960327148438e+02,0.000000000000000000e+00
1.041999969482421875e+02,0.000000000000000000e+00
1.042399978637695312e+02,0.000000000000000000e+00
1.042799987792968750e+02,0.000000000000000000e+00
1.043199996948242188e+02,0.000000000000000000e+00
1.043599929809570312e+02,0.000000000000000000e+00
1.043999938964843750e+02,0.000000000000000000e+00
1.044399948120117188e+02,0.000000000000000000e+00
1.044799957275390625e+02,0.000000000000000000e+00
1.045199966430664062e+02,0.000000000000000000e+00
1.045599975585937500e+02,0.000000000000000000e+00
1.045999984741210938e+02,0.000000000000000000e+00
1.046399993896484375e+02,0.000000000000000000e+00
1.046799926757812500e+02,0.000000000000000000e+00
1.047199935913085938e+02,0.000000000000000000e+00
1.047599945068359375e+02,0.000000000000000000e+00
1.047999954223632812e+02,0.000000000000000000e+00
1.048399963378906250e+02,0.000000000000000000e+00
1.048799972534179688e+02,0.000000000000000000e+00
1.049199981689453125e+02,0.000000000000000000e+00
1.049599990844726562e+02,0.000000000000000000e+00
1.049999923706054688e+02,0.000000000000000000e+00
1.050399932861328125e+02,0.000000000000000000e+00
1.050799942016601562e+02,0.000000000000000000e+00
1.051199951171875000e+02,0.000000000000000000e+00
1.051599960327148438e+02,0.000000000000000000e+00
1.051999969482421875e+02,0.000000000000000000e+00
1.052399978637695312e+02,0.000000000000000000e+00
1.052799987792968750e+02,0.000000000000000000e+00
1.053199996948242188e+02,0.000000000000000000e+00
1.053599929809570312e+02,0.000000000000000000e+00
1.053999938964843750e+02,0.000000000000000000e+00
1.054399948120117188e+02,0.000000000000000000e+00
1.054799957275390625e+02,0.000000000000000000e+00
1.055199966430664062e+02,0.000000000000000000e+00
1.055599975585937500e+02,0.000000000000000000e+00
1.055999984741210938e+02,0.000000000000000000e+00
1.056399993896484375e+02,0.000000000000000000e+00
1.056799926757812500e+02,0.000000000000000000e+00
1.057199935913085938e+02,0.000000000000000000e+00
1.057599945068359375e+02,0.000000000000000000e+00
1.057999954223632812e+02,0.000000000000000000e+00
1.058399963378906250e+02,0.000000000000000000e+00
1.058799972534179688e+02,0.000000000000000000e+00
1.059199981689453125e+02,0.000000000000000000e+00
1.059599990844726562e+02,0.000000000000000000e+00
1.059999923706054688e+02,0.000000000000000000e+00
1.060399932861328125e+02,0.000000000000000000e+00
1.060799942016601562e+02,0.000000000000000000e+00
1.061199951171875000e+02,0.000000000000000000e+00
1.061599960327148438e+02,0.000000000000000000e+00
1.061999969482421875e+02,0.000000000000000000e+00
1.062399978637695312e+02,0.000000000000000000e+00
1.062799987792968750e+02,0.000000000000000000e+00
1.063199996948242188e+02,0.000000000000000000e+00
1.063599929809570312e+02,0.000000000000000000e+00
1.063999938964843750e+02,0.000000000000000000e+00
1.064399948120117188e+02,0.000000000000000000e+00
1.064799957275390625e+02,0.000000000000000000e+00
1.065199966430664062e+02,0.000000000000000000e+00
1.065599975585937500e+02,0.000000000000000000e+00
1.065999984741210938e+02,0.000000000000000000e+00
1.066399993896484375e+02,0.000000000000000000e+00
1.066799926757812500e+02,0.000000000000000000e+00
1.067199935913085938e+02,0.000000000000000000e+00
1.067599945068359375e+02,0.000000000000000000e+00
1.067999954223632812e+02,0.000000000000000000e+00
1.068399963378906250e+02,0.000000000000000000e+00
1.068799972534179688e+02,0.000000000000000000e+00
1.069199981689453125e+02,0.000000000000000000e+00
1.069599990844726562e+02,0.000000000000000000e+00
1.069999923706054688e+02,0.000000000000000000e+00
1.070399932861328125e+02,0.000000000000000000e+00
1.070799942016601562e+02,0.000000000000000000e+00
1.071199951171875000e+02,0.000000000000000000e+00
1.071599960327148438e+02,0.000000000000000000e+00
1.071999969482421875e+02,0.000000000000000000e+00
1.072399978637695312e+02,0.000000000000000000e+00
1.072799987792968750e+02,0.000000000000000000e+00
1.073199996948242188e+02,0.000000000000000000e+00
1.073599929809570312e+02,0.000000000000000000e+00
1.073999938964843750e+02,0.000000000000000000e+00
1.074399948120117188e+02,0.000000000000000000e+00
1.074799957275390625e+02,0.000000000000000000e+00
1.075199966430664062e+02,0.000000000000000000e+00
1.075599975585937500e+02,0.000000000000000000e+00
1.075999984741210938e+02,0.000000000000000000e+00
1.076399993896484375e+02,0.000000000000000000e+00
1.076799926757812500e+02,0.000000000000000000e+00
1.077199935913085938e+02,0.000000000000000000e+00
1.077599945068359375e+02,0.000000000000000000e+00
1.077999954223632812e+02,0.000000000000000000e+00
1.078399963378906250e+02,0.000000000000000000e+00
1.078799972534179688e+02,0.000000000000000000e+00
1.079199981689453125e+02,0.000000000000000000e+00
1.079599990844726562e+02,0.000000000000000000e+00
1.079999923706054688e+02,0.000000000000000000e+00
1.080399932861328125e+02,0.000000000000000000e+00
1.080799942016601562e+02,0.000000000000000000e+00
1.081199951171875000e+02,0.000000000000000000e+00
1.081599960327148438e+02,0.000000000000000000e+00
1.081999969482421875e+02,0.000000000000000000e+00
1.082399978637695312e+02,0.000000000000000000e+00
1.082799987792968750e+02,0.000000000000000000e+00
1.083199996948242188e+02,0.000000000000000000e+00
1.083599929809570312e+02,0.000000000000000000e+00
1.083999938964843750e+02,0.000000000000000000e+00
1.084399948120117188e+02,0.000000000000000000e+00
1.084799957275390625e+02,0.000000000000000000e+00
1.085199966430664062e+02,0.000000000000000000e+00
1.085599975585937500e+02,0.000000000000000000e+00
1.085999984741210938e+02,0.000000000000000000e+00
1.086399993896484375e+02,0.000000000000000000e+00
1.086799926757812500e+02,0.000000000000000000e+00
1.087199935913085938e+02,0.000000000000000000e+00
1.087599945068359375e+02,0.000000000000000000e+00
1.087999954223632812e+02,0.000000000000000000e+00
1.088399963378906250e+02,0.000000000000000000e+00
1.088799972534179688e+02,0.000000000000000000e+00
1.089199981689453125e+02,0.000000000000000000e+00
1.089599990844726562e+02,0.000000000000000000e+00
1.089999923706054688e+02,0.000000000000000000e+00
1.090399932861328125e+02,0.000000000000000000e+00
1.090799942016601562e+02,0.000000000000000000e+00
1.091199951171875000e+02,0.000000000000000000e+00
1.091599960327148438e+02,0.000000000000000000e+00
1.091999969482421875e+02,0.000000000000000000e+00
1.092399978637695312e+02,0.000000000000000000e+00
1.092799987792968750e+02,0.000000000000000000e+00
1.093199996948242188e+02,0.000000000000000000e+00
1.093599929809570312e+02,0.000000000000000000e+00
1.093999938964843750e+02,0.000000000000000000e+00
1.094399948120117188e+02,0.000000000000000000e+00
1.094799957275390625e+02,0.000000000000000000e+00
1.095199966430664062e+02,0.000000000000000000e+00
1.095599975585937500e+02,0.000000000000000000e+00
1.095999984741210938e+02,0.000000000000000000e+00
1.096399993896484375e+02,0.000000000000000000e+00
1.096799926757812500e+02,0.000000000000000000e+00
1.097199935913085938e+02,0.000000000000000000e+00
1.097599945068359375e+02,0.000000000000000000e+00
1.097999954223632812e+02,0.000000000000000000e+00
1.098399963378906250e+02,0.000000000000000000e+00
1.098799972534179688e+02,0.000000000000000000e+00
1.099199981689453125e+02,0.000000000000000000e+00
1.099599990844726562e+02,0.000000000000000000e+00
1.099999923706054688e+02,0.000000000000000000e+00
1.100399932861328125e+02,0.000000000000000000e+00
1.100799942016601562e+02,0.000000000000000000e+00
1.101199951171875000e+02,0.000000000000000000e+00
1.101599960327148438e+02,0.000000000000000000e+00
1.101999969482421875e+02,0.000000000000000000e+00
1.102399978637695312e+02,0.000000000000000000e+00
1.102799987792968750e+02,0.000000000000000000e+00
1.103199996948242188e+02,0.000000000000000000e+00
1.103599929809570312e+02,0.000000000000000000e+00
1.103999938964843750e+02,0.000000000000000000e+00
1.104399948120117188e+02,0.000000000000000000e+00
1.104799957275390625e+02,0.000000000000000000e+00
1.105199966430664062e+02,0.000000000000000000e+00
1.105599975585937500e+02,0.000000000000000000e+00
1.105999984741210938e+02,0.000000000000000000e+00
1.106399993896484375e+02,0.000000000000000000e+00
1.106799926757812500e+02,0.000000000000000000e+00
1.107199935913085938e+02,0.000000000000000000e+00
1.107599945068359375e+02,0.000000000000000000e+00
1.107999954223632812e+02,0.000000000000000000e+00
1.108399963378906250e+02,0.000000000000000000e+00
1.108799972534179688e+02,0.000000000000000000e+00
1.109199981689453125e+02,0.000000000000000000e+00
1.109599990844726562e+02,0.000000000000000000e+00
1.109999923706054688e+02,0.000000000000000000e+00
1.110399932861328125e+02,0.000000000000000000e+00
1.110799942016601562e+02,0.000000000000000000e+00
1.111199951171875000e+02,0.000000000000000000e+00
1.111599960327148438e+02,0.000000000000000000e+00
1.111999969482421875e+02,0.000000000000000000e+00
1.112399978637695312e+02,0.000000000000000000e+00
1.112799987792968750e+02,0.000000000000000000e+00
1.113199996948242188e+02,0.000000000000000000e+00
1.113599929809570312e+02,0.000000000000000000e+00
1.113999938964843750e+02,0.000000000000000000e+00
1.114399948120117188e+02,0.000000000000000000e+00
1.114799957275390625e+02,0.000000000000000000e+00
1.115199966430664062e+02,0.000000000000000000e+00
1.115599975585937500e+02,0.000000000000000000e+00
1.115999984741210938e+02,0.000000000000000000e+00
1.116399993896484375e+02,0.000000000000000000e+00
1.116799926757812500e+02,0.000000000000000000e+00
1.117199935913085938e+02,0.000000000000000000e+00
1.117599945068359375e+02,0.000000000000000000e+00
1.117999954223632812e+02,0.000000000000000000e+00
1.118399963378906250e+02,0.000000000000000000e+00
1.118799972534179688e+02,0.000000000000000000e+00
1.119199981689453125e+02,0.000000000000000000e+00
1.119599990844726562e+02,0.000000000000000000e+00
1.119999923706054688e+02,0.000000000000000000e+00
1.120399932861328125e+02,0.000000000000000000e+00
1.120799942016601562e+02,0.000000000000000000e+00
1.121199951171875000e+02,0.000000000000000000e+00
1.121599960327148438e+02,0.000000000000000000e+00
1.121999969482421875e+02,0.000000000000000000e+00
1.122399978637695312e+02,0.000000000000000000e+00
1.122799987792968750e+02,0.000000000000000000e+00
1.123199996948242188e+02,0.000000000000000000e+00
1.123599929809570312e+02,0.000000000000000000e+00
1.123999938964843750e+02,0.000000000000000000e+00
1.124399948120117188e+02,0.000000000000000000e+00
1.124799957275390625e+02,0.000000000000000000e+00
1.125199966430664062e+02,0.000000000000000000e+00
1.125599975585937500e+02,0.000000000000000000e+00
1.125999984741210938e+02,0.000000000000000000e+00
1.126399993896484375e+02,0.000000000000000000e+00
1.126799926757812500e+02,0.000000000000000000e+00
1.127199935913085938e+02,0.000000000000000000e+00
1.127599945068359375e+02,0.000000000000000000e+00
1.127999954223632812e+02,0.000000000000000000e+00
1.128399963378906250e+02,0.000000000000000000e+00
1.128799972534179688e+02,0.000000000000000000e+00
1.129199981689453125e+02,0.000000000000000000e+00
1.129599990844726562e+02,0.000000000000000000e+00
1.129999923706054688e+02,0.000000000000000000e+00
1.130399932861328125e+02,0.000000000000000000e+00
1.130799942016601562e+02,0.000000000000000000e+00
1.131199951171875000e+02,0.000000000000000000e+00
1.131599960327148438e+02,0.000000000000000000e+00
1.131999969482421875e+02,0.000000000000000000e+00
1.132399978637695312e+02,0.000000000000000000e+00
1.132799987792968750e+02,0.000000000000000000e+00
1.133199996948242188e+02,0.000000000000000000e+00
1.133599929809570312e+02,0.000000000000000000e+00
1.133999938964843750e+02,0.000000000000000000e+00
1.134399948120117188e+02,0.000000000000000000e+00
1.134799957275390625e+02,0.000000000000000000e+00
1.135199966430664062e+02,0.000000000000000000e+00
1.135599975585937500e+02,0.000000000000000000e+00
1.135999984741210938e+02,0.000000000000000000e+00
1.136399993896484375e+02,0.000000000000000000e+00
1.136799926757812500e+02,0.000000000000000000e+00
1.137199935913085938e+02,0.000000000000000000e+00
1.137599945068359375e+02,0.000000000000000000e+00
1.137999954223632812e+02,0.000000000000000000e+00
1.138399963378906250e+02,0.000000000000000000e+00
1.138799972534179688e+02,0.000000000000000000e+00
1.139199981689453125e+02,0.000000000000000000e+00
1.139599990844726562e+02,0.000000000000000000e+00
1.139999923706054688e+02,0.000000000000000000e+00
1.140399932861328125e+02,0.000000000000000000e+00
1.140799942016601562e+02,0.000000000000000000e+00
1.141199951171875000e+02,0.000000000000000000e+00
1.141599960327148438e+02,0.000000000000000000e+00
1.141999969482421875e+02,0.000000000000000000e+00
1.142399978637695312e+02,0.000000000000000000e+00
1.142799987792968750e+02,0.000000000000000000e+00
1.143199996948242188e+02,0.000000000000000000e+00
1.143599929809570312e+02,0.000000000000000000e+00
1.143999938964843750e+02,0.000000000000000000e+00
1.144399948120117188e+02,0.000000000000000000e+00
1.144799957275390625e+02,0.000000000000000000e+00
1.145199966430664062e+02,0.000000000000000000e+00
1.145599975585937500e+02,0.000000000000000000e+00
1.145999984741210938e+02,0.000000000000000000e+00
1.146399993896484375e+02,0.000000000000000000e+00
1.146799926757812500e+02,0.000000000000000000e+00
1.147199935913085938e+02,0.000000000000000000e+00
1.147599945068359375e+02,0.000000000000000000e+00
1.147999954223632812e+02,0.000000000000000000e+00
1.148399963378906250e+02,0.000000000000000000e+00
1.148799972534179688e+02,0.000000000000000000e+00
1.149199981689453125e+02,0.000000000000000000e+00
1.149599990844726562e+02,0.000000000000000000e+00
1.149999923706054688e+02,0.000000000000000000e+00
1.150399932861328125e+02,0.000000000000000000e+00
1.150799942016601562e+02,0.000000000000000000e+00
1.151199951171875000e+02,0.000000000000000000e+00
1.151599960327148438e+02,0.000000000000000000e+00
1.151999969482421875e+02,0.000000000000000000e+00
1.152399978637695312e+02,0.000000000000000000e+00
1.152799987792968750e+02,0.000000000000000000e+00
1.153199996948242188e+02,0.000000000000000000e+00
1.153599929809570312e+02,0.000000000000000000e+00
1.153999938964843750e+02,0.000000000000000000e+00
1.154399948120117188e+02,0.000000000000000000e+00
1.154799957275390625e+02,0.000000000000000000e+00
1.155199966430664062e+02,0.000000000000000000e+00
1.155599975585937500e+02,0.000000000000000000e+00
1.155999984741210938e+02,0.000000000000000000e+00
1.156399993896484375e+02,0.000000000000000000e+00
1.156799926757812500e+02,0.000000000000000000e+00
1.157199935913085938e+02,0.000000000000000000e+00
1.157599945068359375e+02,0.000000000000000000e+00
1.157999954223632812e+02,0.000000000000000000e+00
1.158399963378906250e+02,0.000000000000000000e+00
1.158799972534179688e+02,0.000000000000000000e+00
1.159199981689453125e+02,0.000000000000000000e+00
1.159599990844726562e+02,0.000000000000000000e+00
1.159999923706054688e+02,0.000000000000000000e+00
1.160399932861328125e+02,0.000000000000000000e+00
1.160799942016601562e+02,0.000000000000000000e+00
1.161199951171875000e+02,0.000000000000000000e+00
1.161599960327148438e+02,0.000000000000000000e+00
1.161999969482421875e+02,0.000000000000000000e+00
1.162399978637695312e+02,0.000000000000000000e+00
1.162799987792968750e+02,0.000000000000000000e+00
1.163199996948242188e+02,0.000000000000000000e+00
1.163599929809570312e+02,0.000000000000000000e+00
1.163999938964843750e+02,0.000000000000000000e+00
1.164399948120117188e+02,0.000000000000000000e+00
1.164799957275390625e+02,0.000000000000000000e+00
1.165199966430664062e+02,0.000000000000000000e+00
1.165599975585937500e+02,0.000000000000000000e+00
1.165999984741210938e+02,0.000000000000000000e+00
1.166399993896484375e+02,0.000000000000000000e+00
1.166799926757812500e+02,0.000000000000000000e+00
1.167199935913085938e+02,0.000000000000000000e+00
1.167599945068359375e+02,0.000000000000000000e+00
1.167999954223632812e+02,0.000000000000000000e+00
1.168399963378906250e+02,0.000000000000000000e+00
1.168799972534179688e+02,0.000000000000000000e+00
1.169199981689453125e+02,0.000000000000000000e+00
1.169599990844726562e+02,0.000000000000000000e+00
1.169999923706054688e+02,0.000000000000000000e+00
1.170399932861328125e+02,0.000000000000000000e+00
1.170799942016601562e+02,0.000000000000000000e+00
1.171199951171875000e+02,0.000000000000000000e+00
1.171599960327148438e+02,0.000000000000000000e+00
1.171999969482421875e+02,0.000000000000000000e+00
1.172399978637695312e+02,0.000000000000000000e+00
1.172799987792968750e+02,0.000000000000000000e+00
1.173199996948242188e+02,0.000000000000000000e+00
1.173599929809570312e+02,0.000000000000000000e+00
1.173999938964843750e+02,0.000000000000000000e+00
1.174399948120117188e+02,0.000000000000000000e+00
1.174799957275390625e+02,0.000000000000000000e+00
1.175199966430664062e+02,0.000000000000000000e+00
1.175599975585937500e+02,0.000000000000000000e+00
1.175999984741210938e+02,0.000000000000000000e+00
1.176399993896484375e+02,0.000000000000000000e+00
1.176799926757812500e+02,0.000000000000000000e+00
1.177199935913085938e+02,0.000000000000000000e+00
1.177599945068359375e+02,0.000000000000000000e+00
1.177999954223632812e+02,0.000000000000000000e+00
1.178399963378906250e+02,0.000000000000000000e+00
1.178799972534179688e+02,0.000000000000000000e+00
1.179199981689453125e+02,0.000000000000000000e+00
1.179599990844726562e+02,0.000000000000000000e+00
1.179999923706054688e+02,0.000000000000000000e+00
1.180399932861328125e+02,0.000000000000000000e+00
1.180799942016601562e+02,0.000000000000000000e+00
1.181199951171875000e+02,0.000000000000000000e+00
1.181599960327148438e+02,0.000000000000000000e+00
1.181999969482421875e+02,0.000000000000000000e+00
1.182399978637695312e+02,0.000000000000000000e+00
1.182799987792968750e+02,0.000000000000000000e+00
1.183199920654296875e+02,0.000000000000000000e+00
1.183599929809570312e+02,0.000000000000000000e+00
1.183999938964843750e+02,0.000000000000000000e+00
1.184399948120117188e+02,0.000000000000000000e+00
1.184799957275390625e+02,0.000000000000000000e+00
1.185199966430664062e+02,0.000000000000000000e+00
1.185599975585937500e+02,0.000000000000000000e+00
1.185999984741210938e+02,0.000000000000000000e+00
1.186399993896484375e+02,0.000000000000000000e+00
1.186799926757812500e+02,0.000000000000000000e+00
1.187199935913085938e+02,0.000000000000000000e+00
1.187599945068359375e+02,0.000000000000000000e+00
1.187999954223632812e+02,0.000000000000000000e+00
1.188399963378906250e+02,0.000000000000000000e+00
1.188799972534179688e+02,0.000000000000000000e+00
1.189199981689453125e+02,0.000000000000000000e+00
1.189599990844726562e+02,0.000000000000000000e+00
1.189999923706054688e+02,0.000000000000000000e+00
1.190399932861328125e+02,0.000000000000000000e+00
1.190799942016601562e+02,0.000000000000000000e+00
1.191199951171875000e+02,0.000000000000000000e+00
1.191599960327148438e+02,0.000000000000000000e+00
1.191999969482421875e+02,0.000000000000000000e+00
1.192399978637695312e+02,0.000000000000000000e+00
1.192799987792968750e+02,0.000000000000000000e+00
1.193199920654296875e+02,0.000000000000000000e+00
1.193599929809570312e+02,0.000000000000000000e+00
1.193999938964843750e+02,0.000000000000000000e+00
1.194399948120117188e+02,0.000000000000000000e+00
1.194799957275390625e+02,0.000000000000000000e+00
1.195199966430664062e+02,0.000000000000000000e+00
1.195599975585937500e+02,0.000000000000000000e+00
1.195999984741210938e+02,0.000000000000000000e+00
1.196399993896484375e+02,0.000000000000000000e+00
1.196799926757812500e+02,0.000000000000000000e+00
1.197199935913085938e+02,0.000000000000000000e+00
1.197599945068359375e+02,0.000000000000000000e+00
1.197999954223632812e+02,0.000000000000000000e+00
1.198399963378906250e+02,0.000000000000000000e+00
1.198799972534179688e+02,0.000000000000000000e+00
1.199199981689453125e+02,0.000000000000000000e+00
1.199599990844726562e+02,0.000000000000000000e+00
1.199999923706054688e+02,0.000000000000000000e+00
1.200399932861328125e+02,0.000000000000000000e+00
1.200799942016601562e+02,0.000000000000000000e+00
1.201199951171875000e+02,0.000000000000000000e+00
1.201599960327148438e+02,0.000000000000000000e+00
1.201999969482421875e+02,0.000000000000000000e+00
1.202399978637695312e+02,0.000000000000000000e+00
1.202799987792968750e+02,0.000000000000000000e+00
1.203199920654296875e+02,0.000000000000000000e+00
1.203599929809570312e+02,0.000000000000000000e+00
1.203999938964843750e+02,0.000000000000000000e+00
1.204399948120117188e+02,0.000000000000000000e+00
1.204799957275390625e+02,0.000000000000000000e+00
1.205199966430664062e+02,0.000000000000000000e+00
1.205599975585937500e+02,0.000000000000000000e+00
1.205999984741210938e+02,0.000000000000000000e+00
1.206399993896484375e+02,0.000000000000000000e+00
1.206799926757812500e+02,0.000000000000000000e+00
1.207199935913085938e+02,0.000000000000000000e+00
1.207599945068359375e+02,0.000000000000000000e+00
1.207999954223632812e+02,0.000000000000000000e+00
1.208399963378906250e+02,0.000000000000000000e+00
1.208799972534179688e+02,0.000000000000000000e+00
1.209199981689453125e+02,0.000000000000000000e+00
1.209599990844726562e+02,0.000000000000000000e+00
1.209999923706054688e+02,0.000000000000000000e+00
1.210399932861328125e+02,0.000000000000000000e+00
1.210799942016601562e+02,0.000000000000000000e+00
1.211199951171875000e+02,0.000000000000000000e+00
1.211599960327148438e+02,0.000000000000000000e+00
1.211999969482421875e+02,0.000000000000000000e+00
1.212399978637695312e+02,0.000000000000000000e+00
1.212799987792968750e+02,0.000000000000000000e+00
1.213199920654296875e+02,0.000000000000000000e+00
1.213599929809570312e+02,0.000000000000000000e+00
1.213999938964843750e+02,0.000000000000000000e+00
1.214399948120117188e+02,0.000000000000000000e+00
1.214799957275390625e+02,0.000000000000000000e+00
1.215199966430664062e+02,0.000000000000000000e+00
1.215599975585937500e+02,0.000000000000000000e+00
1.215999984741210938e+02,0.000000000000000000e+00
1.216399993896484375e+02,0.000000000000000000e+00
1.216799926757812500e+02,0.000000000000000000e+00
1.217199935913085938e+02,0.000000000000000000e+00
1.217599945068359375e+02,0.000000000000000000e+00
1.217999954223632812e+02,0.000000000000000000e+00
1.218399963378906250e+02,0.000000000000000000e+00
1.218799972534179688e+02,0.000000000000000000e+00
1.219199981689453125e+02,0.000000000000000000e+00
1.219599990844726562e+02,0.000000000000000000e+00
1.219999923706054688e+02,0.000000000000000000e+00
1.220399932861328125e+02,0.000000000000000000e+00
1.220799942016601562e+02,0.000000000000000000e+00
1.221199951171875000e+02,0.000000000000000000e+00
1.221599960327148438e+02,0.000000000000000000e+00
1.221999969482421875e+02,0.000000000000000000e+00
1.222399978637695312e+02,0.000000000000000000e+00
1.222799987792968750e+02,0.000000000000000000e+00
1.223199920654296875e+02,0.000000000000000000e+00
1.223599929809570312e+02,0.000000000000000000e+00
1.223999938964843750e+02,0.000000000000000000e+00
1.224399948120117188e+02,0.000000000000000000e+00
1.224799957275390625e+02,0.000000000000000000e+00
1.225199966430664062e+02,0.000000000000000000e+00
1.225599975585937500e+02,0.000000000000000000e+00
1.225999984741210938e+02,0.000000000000000000e+00
1.226399993896484375e+02,0.000000000000000000e+00
1.226799926757812500e+02,0.000000000000000000e+00
1.227199935913085938e+02,0.000000000000000000e+00
1.227599945068359375e+02,0.000000000000000000e+00
1.227999954223632812e+02,0.000000000000000000e+00
1.228399963378906250e+02,0.000000000000000000e+00
1.228799972534179688e+02,0.000000000000000000e+00
1.229199981689453125e+02,0.000000000000000000e+00
1.229599990844726562e+02,0.000000000000000000e+00
1.229999923706054688e+02,0.000000000000000000e+00
1.230399932861328125e+02,0.000000000000000000e+00
1.230799942016601562e+02,0.000000000000000000e+00
1.231199951171875000e+02,0.000000000000000000e+00
1.231599960327148438e+02,0.000000000000000000e+00
1.231999969482421875e+02,0.000000000000000000e+00
1.232399978637695312e+02,0.000000000000000000e+00
1.232799987792968750e+02,0.000000000000000000e+00
1.233199920654296875e+02,0.000000000000000000e+00
1.233599929809570312e+02,0.000000000000000000e+00
1.233999938964843750e+02,0.000000000000000000e+00
1.234399948120117188e+02,0.000000000000000000e+00
1.234799957275390625e+02,0.000000000000000000e+00
1.235199966430664062e+02,0.000000000000000000e+00
1.235599975585937500e+02,0.000000000000000000e+00
1.235999984741210938e+02,0.000000000000000000e+00
1.236399993896484375e+02,0.000000000000000000e+00
1.236799926757812500e+02,0.000000000000000000e+00
1.237199935913085938e+02,0.000000000000000000e+00
1.237599945068359375e+02,0.000000000000000000e+00
1.237999954223632812e+02,0.000000000000000000e+00
1.238399963378906250e+02,0.000000000000000000e+00
1.238799972534179688e+02,0.000000000000000000e+00
1.239199981689453125e+02,0.000000000000000000e+00
1.239599990844726562e+02,0.000000000000000000e+00
1.239999923706054688e+02,0.000000000000000000e+00
1.240399932861328125e+02,0.000000000000000000e+00
1.240799942016601562e+02,0.000000000000000000e+00
1.241199951171875000e+02,0.000000000000000000e+00
1.241599960327148438e+02,0.000000000000000000e+00
1.241999969482421875e+02,0.000000000000000000e+00
1.242399978637695312e+02,0.000000000000000000e+00
1.242799987792968750e+02,0.000000000000000000e+00
1.243199920654296875e+02,0.000000000000000000e+00
1.243599929809570312e+02,0.000000000000000000e+00
1.243999938964843750e+02,0.000000000000000000e+00
1.244399948120117188e+02,0.000000000000000000e+00
1.244799957275390625e+02,0.000000000000000000e+00
1.245199966430664062e+02,0.000000000000000000e+00
1.245599975585937500e+02,0.000000000000000000e+00
1.245999984741210938e+02,0.000000000000000000e+00
1.246399993896484375e+02,0.000000000000000000e+00
1.246799926757812500e+02,0.000000000000000000e+00
1.247199935913085938e+02,0.000000000000000000e+00
1.247599945068359375e+02,0.000000000000000000e+00
1.247999954223632812e+02,0.000000000000000000e+00
1.248399963378906250e+02,0.000000000000000000e+00
1.248799972534179688e+02,0.000000000000000000e+00
1.249199981689453125e+02,0.000000000000000000e+00
1.249599990844726562e+02,0.000000000000000000e+00
1.249999923706054688e+02,0.000000000000000000e+00
1.250399932861328125e+02,0.000000000000000000e+00
1.250799942016601562e+02,0.000000000000000000e+00
1.251199951171875000e+02,0.000000000000000000e+00
1.251599960327148438e+02,0.000000000000000000e+00
1.251999969482421875e+02,0.000000000000000000e+00
1.252399978637695312e+02,0.000000000000000000e+00
1.252799987792968750e+02,0.000000000000000000e+00
1.253199920654296875e+02,0.000000000000000000e+00
1.253599929809570312e+02,0.000000000000000000e+00
1.253999938964843750e+02,0.000000000000000000e+00
1.254399948120117188e+02,0.000000000000000000e+00
1.254799957275390625e+02,0.000000000000000000e+00
1.255199966430664062e+02,0.000000000000000000e+00
1.255599975585937500e+02,0.000000000000000000e+00
1.255999984741210938e+02,0.000000000000000000e+00
1.256399993896484375e+02,0.000000000000000000e+00
1.256799926757812500e+02,0.000000000000000000e+00
1.257199935913085938e+02,0.000000000000000000e+00
1.257599945068359375e+02,0.000000000000000000e+00
1.257999954223632812e+02,0.000000000000000000e+00
1.258399963378906250e+02,0.000000000000000000e+00
1.258799972534179688e+02,0.000000000000000000e+00
1.259199981689453125e+02,0.000000000000000000e+00
1.259599990844726562e+02,0.000000000000000000e+00
1.259999923706054688e+02,0.000000000000000000e+00
1.260399932861328125e+02,0.000000000000000000e+00
1.260799942016601562e+02,0.000000000000000000e+00
1.261199951171875000e+02,0.000000000000000000e+00
1.261599960327148438e+02,0.000000000000000000e+00
1.261999969482421875e+02,0.000000000000000000e+00
1.262399978637695312e+02,0.000000000000000000e+00
1.262799987792968750e+02,0.000000000000000000e+00
1.263199920654296875e+02,0.000000000000000000e+00
1.263599929809570312e+02,0.000000000000000000e+00
1.263999938964843750e+02,0.000000000000000000e+00
1.264399948120117188e+02,0.000000000000000000e+00
1.264799957275390625e+02,0.000000000000000000e+00
1.265199966430664062e+02,0.000000000000000000e+00
1.265599975585937500e+02,0.000000000000000000e+00
1.265999984741210938e+02,0.000000000000000000e+00
1.266399993896484375e+02,0.000000000000000000e+00
1.266799926757812500e+02,0.000000000000000000e+00
1.267199935913085938e+02,0.000000000000000000e+00
1.267599945068359375e+02,0.000000000000000000e+00
1.267999954223632812e+02,0.000000000000000000e+00
1.268399963378906250e+02,0.000000000000000000e+00
1.268799972534179688e+02,0.000000000000000000e+00
1.269199981689453125e+02,0.000000000000000000e+00
1.269599990844726562e+02,0.000000000000000000e+00
1.269999923706054688e+02,0.000000000000000000e+00
1.270399932861328125e+02,0.000000000000000000e+00
1.270799942016601562e+02,0.000000000000000000e+00
1.271199951171875000e+02,0.000000000000000000e+00
1.271599960327148438e+02,0.000000000000000000e+00
1.271999969482421875e+02,0.000000000000000000e+00
1.272399978637695312e+02,0.000000000000000000e+00
1.272799987792968750e+02,0.000000000000000000e+00
1.273199920654296875e+02,0.000000000000000000e+00
1.273599929809570312e+02,0.000000000000000000e+00
1.273999938964843750e+02,0.000000000000000000e+00
1.274399948120117188e+02,0.000000000000000000e+00
1.274799957275390625e+02,0.000000000000000000e+00
1.275199966430664062e+02,0.000000000000000000e+00
1.275599975585937500e+02,0.000000000000000000e+00
1.275999984741210938e+02,0.000000000000000000e+00
1.276399993896484375e+02,0.000000000000000000e+00
1.276799926757812500e+02,0.000000000000000000e+00
1.277199935913085938e+02,0.000000000000000000e+00
1.277599945068359375e+02,0.000000000000000000e+00
1.277999954223632812e+02,0.000000000000000000e+00
1.278399963378906250e+02,0.000000000000000000e+00
1.278799972534179688e+02,0.000000000000000000e+00
1.279199981689453125e+02,0.000000000000000000e+00
1.279599990844726562e+02,0.000000000000000000e+00
1.279999923706054688e+02,0.000000000000000000e+00
1.280399932861328125e+02,0.000000000000000000e+00
1.280800018310546875e+02,0.000000000000000000e+00
1.281199951171875000e+02,0.000000000000000000e+00
1.281600036621093750e+02,0.000000000000000000e+00
1.281999969482421875e+02,0.000000000000000000e+00
1.282400054931640625e+02,0.000000000000000000e+00
1.282799987792968750e+02,0.000000000000000000e+00
1.283199920654296875e+02,0.000000000000000000e+00
1.283600006103515625e+02,0.000000000000000000e+00
1.283999938964843750e+02,0.000000000000000000e+00
1.284400024414062500e+02,0.000000000000000000e+00
1.284799957275390625e+02,0.000000000000000000e+00
1.285200042724609375e+02,0.000000000000000000e+00
1.285599975585937500e+02,0.000000000000000000e+00
1.286000061035156250e+02,0.000000000000000000e+00
1.286399993896484375e+02,0.000000000000000000e+00
1.286799926757812500e+02,0.000000000000000000e+00
1.287200012207031250e+02,0.000000000000000000e+00
1.287599945068359375e+02,0.000000000000000000e+00
1.288000030517578125e+02,0.000000000000000000e+00
1.288399963378906250e+02,0.000000000000000000e+00
1.288800048828125000e+02,0.000000000000000000e+00
1.289199981689453125e+02,0.000000000000000000e+00
1.289600067138671875e+02,0.000000000000000000e+00
1.290000000000000000e+02,0.000000000000000000e+00
1.290399932861328125e+02,0.000000000000000000e+00
1.290800018310546875e+02,0.000000000000000000e+00
1.291199951171875000e+02,0.000000000000000000e+00
1.291600036621093750e+02,0.000000000000000000e+00
1.291999969482421875e+02,0.000000000000000000e+00
1.292400054931640625e+02,0.000000000000000000e+00
1.292799987792968750e+02,0.000000000000000000e+00
1.293199920654296875e+02,0.000000000000000000e+00
1.293600006103515625e+02,0.000000000000000000e+00
1.293999938964843750e+02,0.000000000000000000e+00
1.294400024414062500e+02,0.000000000000000000e+00
1.294799957275390625e+02,0.000000000000000000e+00
1.295200042724609375e+02,0.000000000000000000e+00
1.295599975585937500e+02,0.000000000000000000e+00
1.296000061035156250e+02,0.000000000000000000e+00
1.296399993896484375e+02,0.000000000000000000e+00
1.296800079345703125e+02,0.000000000000000000e+00
1.297200012207031250e+02,0.000000000000000000e+00
1.297600097656250000e+02,0.000000000000000000e+00
1.298000030517578125e+02,0.000000000000000000e+00
1.298399963378906250e+02,0.000000000000000000e+00
1.298800048828125000e+02,0.000000000000000000e+00
1.299199981689453125e+02,0.000000000000000000e+00
1.299600067138671875e+02,0.000000000000000000e+00
1.300000000000000000e+02,0.000000000000000000e+00
1.300400085449218750e+02,0.000000000000000000e+00
1.300800018310546875e+02,0.000000000000000000e+00
1.301200103759765625e+02,0.000000000000000000e+00
1.301600036621093750e+02,0.000000000000000000e+00
1.301999969482421875e+02,0.000000000000000000e+00
1.302400054931640625e+02,0.000000000000000000e+00
1.302799987792968750e+02,0.000000000000000000e+00
1.303200073242187500e+02,0.000000000000000000e+00
1.303600006103515625e+02,0.000000000000000000e+00
1.304000091552734375e+02,0.000000000000000000e+00
1.304400024414062500e+02,0.000000000000000000e+00
1.304799957275390625e+02,0.000000000000000000e+00
1.305200042724609375e+02,0.000000000000000000e+00
1.305599975585937500e+02,0.000000000000000000e+00
1.306000061035156250e+02,0.000000000000000000e+00
1.306399993896484375e+02,0.000000000000000000e+00
1.306800079345703125e+02,0.000000000000000000e+00
1.307200012207031250e+02,0.000000000000000000e+00
1.307600097656250000e+02,0.000000000000000000e+00
1.308000030517578125e+02,0.000000000000000000e+00
1.308399963378906250e+02,0.000000000000000000e+00
1.308800048828125000e+02,0.000000000000000000e+00
1.309199981689453125e+02,0.000000000000000000e+00
1.309600067138671875e+02,0.000000000000000000e+00
1.310000000000000000e+02,0.000000000000000000e+00
1.310400085449218750e+02,0.000000000000000000e+00
1.310800018310546875e+02,0.000000000000000000e+00
1.311200103759765625e+02,0.000000000000000000e+00
1.311600036621093750e+02,0.000000000000000000e+00
1.311999969482421875e+02,0.000000000000000000e+00
1.312400054931640625e+02,0.000000000000000000e+00
1.312799987792968750e+02,0.000000000000000000e+00
1.313200073242187500e+02,0.000000000000000000e+00
1.313600006103515625e+02,0.000000000000000000e+00
1.314000091552734375e+02,0.000000000000000000e+00
1.314400024414062500e+02,0.000000000000000000e+00
1.314799957275390625e+02,0.000000000000000000e+00
1.315200042724609375e+02,0.000000000000000000e+00
1.315599975585937500e+02,0.000000000000000000e+00
1.316000061035156250e+02,0.000000000000000000e+00
1.316399993896484375e+02,0.000000000000000000e+00
1.316800079345703125e+02,0.000000000000000000e+00
1.317200012207031250e+02,0.000000000000000000e+00
1.317600097656250000e+02,0.000000000000000000e+00
1.318000030517578125e+02,0.000000000000000000e+00
1.318399963378906250e+02,0.000000000000000000e+00
1.318800048828125000e+02,0.000000000000000000e+00
1.319199981689453125e+02,0.000000000000000000e+00
1.319600067138671875e+02,0.000000000000000000e+00
1.320000000000000000e+02,0.000000000000000000e+00
1.320400085449218750e+02,0.000000000000000000e+00
1.320800018310546875e+02,0.000000000000000000e+00
1.321200103759765625e+02,0.000000000000000000e+00
1.321600036621093750e+02,0.000000000000000000e+00
1.321999969482421875e+02,0.000000000000000000e+00
1.322400054931640625e+02,0.000000000000000000e+00
1.322799987792968750e+02,0.000000000000000000e+00
1.323200073242187500e+02,0.000000000000000000e+00
1.323600006103515625e+02,0.000000000000000000e+00
1.324000091552734375e+02,0.000000000000000000e+00
1.324400024414062500e+02,0.000000000000000000e+00
1.324799957275390625e+02,0.000000000000000000e+00
1.325200042724609375e+02,0.000000000000000000e+00
1.325599975585937500e+02,0.000000000000000000e+00
1.326000061035156250e+02,0.000000000000000000e+00
1.326399993896484375e+02,0.000000000000000000e+00
1.326800079345703125e+02,0.000000000000000000e+00
1.327200012207031250e+02,0.000000000000000000e+00
1.327600097656250000e+02,0.000000000000000000e+00
1.328000030517578125e+02,0.000000000000000000e+00
1.328399963378906250e+02,0.000000000000000000e+00
1.328800048828125000e+02,0.000000000000000000e+00
1.329199981689453125e+02,0.000000000000000000e+00
1.329600067138671875e+02,0.000000000000000000e+00
1.330000000000000000e+02,0.000000000000000000e+00
1.330400085449218750e+02,0.000000000000000000e+00
1.330800018310546875e+02,0.000000000000000000e+00
1.331200103759765625e+02,0.000000000000000000e+00
1.331600036621093750e+02,0.000000000000000000e+00
1.331999969482421875e+02,0.000000000000000000e+00
1.332400054931640625e+02,0.000000000000000000e+00
1.332799987792968750e+02,0.000000000000000000e+00
1.333200073242187500e+02,0.000000000000000000e+00
1.333600006103515625e+02,0.000000000000000000e+00
1.334000091552734375e+02,0.000000000000000000e+00
1.334400024414062500e+02,0.000000000000000000e+00
1.334799957275390625e+02,0.000000000000000000e+00
1.335200042724609375e+02,0.000000000000000000e+00
1.335599975585937500e+02,0.000000000000000000e+00
1.336000061035156250e+02,0.000000000000000000e+00
1.336399993896484375e+02,0.000000000000000000e+00
1.336800079345703125e+02,0.000000000000000000e+00
1.337200012207031250e+02,0.000000000000000000e+00
1.337600097656250000e+02,0.000000000000000000e+00
1.338000030517578125e+02,0.000000000000000000e+00
1.338399963378906250e+02,0.000000000000000000e+00
1.338800048828125000e+02,0.000000000000000000e+00
1.339199981689453125e+02,0.000000000000000000e+00
1.339600067138671875e+02,0.000000000000000000e+00
1.340000000000000000e+02,0.000000000000000000e+00
1.340400085449218750e+02,0.000000000000000000e+00
1.340800018310546875e+02,0.000000000000000000e+00
1.341200103759765625e+02,0.000000000000000000e+00
1.341600036621093750e+02,0.000000000000000000e+00
1.341999969482421875e+02,0.000000000000000000e+00
1.342400054931640625e+02,0.000000000000000000e+00
1.342799987792968750e+02,0.000000000000000000e+00
1.343200073242187500e+02,0.000000000000000000e+00
1.343600006103515625e+02,0.000000000000000000e+00
1.344000091552734375e+02,0.000000000000000000e+00
1.344400024414062500e+02,0.000000000000000000e+00
1.344799957275390625e+02,0.000000000000000000e+00
1.345200042724609375e+02,0.000000000000000000e+00
1.345599975585937500e+02,0.000000000000000000e+00
1.346000061035156250e+02,0.000000000000000000e+00
1.346399993896484375e+02,0.000000000000000000e+00
1.346800079345703125e+02,0.000000000000000000e+00
1.347200012207031250e+02,0.000000000000000000e+00
1.347600097656250000e+02,0.000000000000000000e+00
1.348000030517578125e+02,0.000000000000000000e+00
1.348399963378906250e+02,0.000000000000000000e+00
1.348800048828125000e+02,0.000000000000000000e+00
1.349199981689453125e+02,0.000000000000000000e+00
1.349600067138671875e+02,0.000000000000000000e+00
1.350000000000000000e+02,0.000000000000000000e+00
1.350400085449218750e+02,0.000000000000000000e+00
1.350800018310546875e+02,0.000000000000000000e+00
1.351200103759765625e+02,0.000000000000000000e+00
1.351600036621093750e+02,0.000000000000000000e+00
1.351999969482421875e+02,0.000000000000000000e+00
1.352400054931640625e+02,0.000000000000000000e+00
1.352799987792968750e+02,0.000000000000000000e+00
1.353200073242187500e+02,0.000000000000000000e+00
1.353600006103515625e+02,0.000000000000000000e+00
1.354000091552734375e+02,0.000000000000000000e+00
1.354400024414062500e+02,0.000000000000000000e+00
1.354799957275390625e+02,0.000000000000000000e+00
1.355200042724609375e+02,0.000000000000000000e+00
1.355599975585937500e+02,0.000000000000000000e+00
1.356000061035156250e+02,0.000000000000000000e+00
1.356399993896484375e+02,0.000000000000000000e+00
1.356800079345703125e+02,0.000000000000000000e+00
1.357200012207031250e+02,0.000000000000000000e+00
1.357600097656250000e+02,0.000000000000000000e+00
1.358000030517578125e+02,0.000000000000000000e+00
1.358399963378906250e+02,0.000000000000000000e+00
1.358800048828125000e+02,0.000000000000000000e+00
1.359199981689453125e+02,0.000000000000000000e+00
1.359600067138671875e+02,0.000000000000000000e+00
1.360000000000000000e+02,0.000000000000000000e+00
1.360400085449218750e+02,0.000000000000000000e+00
1.360800018310546875e+02,0.000000000000000000e+00
1.361200103759765625e+02,0.000000000000000000e+00
1.361600036621093750e+02,0.000000000000000000e+00
1.361999969482421875e+02,0.000000000000000000e+00
1.362400054931640625e+02,0.000000000000000000e+00
1.362799987792968750e+02,0.000000000000000000e+00
1.363200073242187500e+02,0.000000000000000000e+00
1.363600006103515625e+02,0.000000000000000000e+00
1.364000091552734375e+02,0.000000000000000000e+00
1.364400024414062500e+02,0.000000000000000000e+00
1.364799957275390625e+02,0.000000000000000000e+00
1.365200042724609375e+02,0.000000000000000000e+00
1.365599975585937500e+02,0.000000000000000000e+00
1.366000061035156250e+02,0.000000000000000000e+00
1.366399993896484375e+02,0.000000000000000000e+00
1.366800079345703125e+02,0.000000000000000000e+00
1.367200012207031250e+02,0.000000000000000000e+00
1.367600097656250000e+02,0.000000000000000000e+00
1.368000030517578125e+02,0.000000000000000000e+00
1.368399963378906250e+02,0.000000000000000000e+00
1.368800048828125000e+02,0.000000000000000000e+00
1.369199981689453125e+02,0.000000000000000000e+00
1.369600067138671875e+02,0.000000000000000000e+00
1.370000000000000000e+02,0.000000000000000000e+00
1.370400085449218750e+02,0.000000000000000000e+00
1.370800018310546875e+02,0.000000000000000000e+00
1.371200103759765625e+02,0.000000000000000000e+00
1.371600036621093750e+02,0.000000000000000000e+00
1.371999969482421875e+02,0.000000000000000000e+00
1.372400054931640625e+02,0.000000000000000000e+00
1.372799987792968750e+02,0.000000000000000000e+00
1.373200073242187500e+02,0.000000000000000000e+00
1.373600006103515625e+02,0.000000000000000000e+00
1.374000091552734375e+02,0.000000000000000000e+00
1.374400024414062500e+02,0.000000000000000000e+00
1.374799957275390625e+02,0.000000000000000000e+00
1.375200042724609375e+02,0.000000000000000000e+00
1.375599975585937500e+02,0.000000000000000000e+00
1.376000061035156250e+02,0.000000000000000000e+00
1.376399993896484375e+02,0.000000000000000000e+00
1.376800079345703125e+02,0.000000000000000000e+00
1.377200012207031250e+02,0.000000000000000000e+00
1.377600097656250000e+02,0.000000000000000000e+00
1.378000030517578125e+02,0.000000000000000000e+00
1.378399963378906250e+02,0.000000000000000000e+00
1.378800048828125000e+02,0.000000000000000000e+00
1.379199981689453125e+02,0.000000000000000000e+00
1.379600067138671875e+02,0.000000000000000000e+00
1.380000000000000000e+02,0.000000000000000000e+00
1.380400085449218750e+02,0.000000000000000000e+00
1.380800018310546875e+02,0.000000000000000000e+00
1.381200103759765625e+02,0.000000000000000000e+00
1.381600036621093750e+02,0.000000000000000000e+00
1.381999969482421875e+02,0.000000000000000000e+00
1.382400054931640625e+02,0.000000000000000000e+00
1.382799987792968750e+02,0.000000000000000000e+00
1.383200073242187500e+02,0.000000000000000000e+00
1.383600006103515625e+02,0.000000000000000000e+00
1.384000091552734375e+02,0.000000000000000000e+00
1.384400024414062500e+02,0.000000000000000000e+00
1.384799957275390625e+02,0.000000000000000000e+00
1.385200042724609375e+02,0.000000000000000000e+00
1.385599975585937500e+02,0.000000000000000000e+00
1.386000061035156250e+02,0.000000000000000000e+00
1.386399993896484375e+02,0.000000000000000000e+00
1.386800079345703125e+02,0.000000000000000000e+00
1.387200012207031250e+02,0.000000000000000000e+00
1.387600097656250000e+02,0.000000000000000000e+00
1.388000030517578125e+02,0.000000000000000000e+00
1.388399963378906250e+02,0.000000000000000000e+00
1.388800048828125000e+02,0.000000000000000000e+00
1.389199981689453125e+02,0.000000000000000000e+00
1.389600067138671875e+02,0.000000000000000000e+00
1.390000000000000000e+02,0.000000000000000000e+00
1.390400085449218750e+02,0.000000000000000000e+00
1.390800018310546875e+02,0.000000000000000000e+00
1.391200103759765625e+02,0.000000000000000000e+00
1.391600036621093750e+02,0.000000000000000000e+00
1.391999969482421875e+02,0.000000000000000000e+00
1.392400054931640625e+02,0.000000000000000000e+00
1.392799987792968750e+02,0.000000000000000000e+00
1.393200073242187500e+02,0.000000000000000000e+00
1.393600006103515625e+02,0.000000000000000000e+00
1.394000091552734375e+02,0.000000000000000000e+00
1.394400024414062500e+02,0.000000000000000000e+00
1.394799957275390625e+02,0.000000000000000000e+00
1.395200042724609375e+02,0.000000000000000000e+00
1.395599975585937500e+02,0.000000000000000000e+00
1.396000061035156250e+02,0.000000000000000000e+00
1.396399993896484375e+02,0.000000000000000000e+00
1.396800079345703125e+02,0.000000000000000000e+00
1.397200012207031250e+02,0.000000000000000000e+00
1.397600097656250000e+02,0.000000000000000000e+00
1.398000030517578125e+02,0.000000000000000000e+00
1.398399963378906250e+02,0.000000000000000000e+00
1.398800048828125000e+02,0.000000000000000000e+00
1.399199981689453125e+02,0.000000000000000000e+00
1.399600067138671875e+02,0.000000000000000000e+00
1.400000000000000000e+02,0.000000000000000000e+00
1.400400085449218750e+02,0.000000000000000000e+00
1.400800018310546875e+02,0.000000000000000000e+00
1.401200103759765625e+02,0.000000000000000000e+00
1.401600036621093750e+02,0.000000000000000000e+00
1.401999969482421875e+02,0.000000000000000000e+00
1.402400054931640625e+02,0.000000000000000000e+00
1.402799987792968750e+02,0.000000000000000000e+00
1.403200073242187500e+02,0.000000000000000000e+00
1.403600006103515625e+02,0.000000000000000000e+00
1.404000091552734375e+02,0.000000000000000000e+00
1.404400024414062500e+02,0.000000000000000000e+00
1.404799957275390625e+02,0.000000000000000000e+00
1.405200042724609375e+02,0.000000000000000000e+00
1.405599975585937500e+02,0.000000000000000000e+00
1.406000061035156250e+02,0.000000000000000000e+00
1.406399993896484375e+02,0.000000000000000000e+00
1.406800079345703125e+02,0.000000000000000000e+00
1.407200012207031250e+02,0.000000000000000000e+00
1.407600097656250000e+02,0.000000000000000000e+00
1.408000030517578125e+02,0.000000000000000000e+00
1.408399963378906250e+02,0.000000000000000000e+00
1.408800048828125000e+02,0.000000000000000000e+00
1.409199981689453125e+02,0.000000000000000000e+00
1.409600067138671875e+02,0.000000000000000000e+00
1.410000000000000000e+02,0.000000000000000000e+00
1.410400085449218750e+02,0.000000000000000000e+00
1.410800018310546875e+02,0.000000000000000000e+00
1.411200103759765625e+02,0.000000000000000000e+00
1.411600036621093750e+02,0.000000000000000000e+00
1.411999969482421875e+02,0.000000000000000000e+00
1.412400054931640625e+02,0.000000000000000000e+00
1.412799987792968750e+02,0.000000000000000000e+00
1.413200073242187500e+02,0.000000000000000000e+00
1.413600006103515625e+02,0.000000000000000000e+00
1.414000091552734375e+02,0.000000000000000000e+00
1.414400024414062500e+02,0.000000000000000000e+00
1.414799957275390625e+02,0.000000000000000000e+00
1.415200042724609375e+02,0.000000000000000000e+00
1.415599975585937500e+02,0.000000000000000000e+00
1.416000061035156250e+02,0.000000000000000000e+00
1.416399993896484375e+02,0.000000000000000000e+00
1.416800079345703125e+02,0.000000000000000000e+00
1.417200012207031250e+02,0.000000000000000000e+00
1.417600097656250000e+02,0.000000000000000000e+00
1.418000030517578125e+02,0.000000000000000000e+00
1.418399963378906250e+02,0.000000000000000000e+00
1.418800048828125000e+02,0.000000000000000000e+00
1.419199981689453125e+02,0.000000000000000000e+00
1.419600067138671875e+02,0.000000000000000000e+00
1.420000000000000000e+02,0.000000000000000000e+00
1.420400085449218750e+02,0.000000000000000000e+00
1.420800018310546875e+02,0.000000000000000000e+00
1.421200103759765625e+02,0.000000000000000000e+00
1.421600036621093750e+02,0.000000000000000000e+00
1.421999969482421875e+02,0.000000000000000000e+00
1.422400054931640625e+02,0.000000000000000000e+00
1.422799987792968750e+02,0.000000000000000000e+00
1.423200073242187500e+02,0.000000000000000000e+00
1.423600006103515625e+02,0.000000000000000000e+00
1.424000091552734375e+02,0.000000000000000000e+00
1.424400024414062500e+02,0.000000000000000000e+00
1.424799957275390625e+02,0.000000000000000000e+00
1.425200042724609375e+02,0.000000000000000000e+00
1.425599975585937500e+02,0.000000000000000000e+00
1.426000061035156250e+02,0.000000000000000000e+00
1.426399993896484375e+02,0.000000000000000000e+00
1.426800079345703125e+02,0.000000000000000000e+00
1.427200012207031250e+02,0.000000000000000000e+00
1.427600097656250000e+02,0.000000000000000000e+00
1.428000030517578125e+02,0.000000000000000000e+00
1.428399963378906250e+02,0.000000000000000000e+00
1.428800048828125000e+02,0.000000000000000000e+00
1.429199981689453125e+02,0.000000000000000000e+00
1.429600067138671875e+02,0.000000000000000000e+00
1.430000000000000000e+02,0.000000000000000000e+00
1.430400085449218750e+02,0.000000000000000000e+00
1.430800018310546875e+02,0.000000000000000000e+00
1.431200103759765625e+02,0.000000000000000000e+00
1.431600036621093750e+02,0.000000000000000000e+00
1.431999969482421875e+02,0.000000000000000000e+00
1.432400054931640625e+02,0.000000000000000000e+00
1.432799987792968750e+02,0.000000000000000000e+00
1.433200073242187500e+02,0.000000000000000000e+00
1.433600006103515625e+02,0.000000000000000000e+00
1.434000091552734375e+02,0.000000000000000000e+00
1.434400024414062500e+02,0.000000000000000000e+00
1.434799957275390625e+02,0.000000000000000000e+00
1.435200042724609375e+02,0.000000000000000000e+00
1.435599975585937500e+02,0.000000000000000000e+00
1.436000061035156250e+02,0.000000000000000000e+00
1.436399993896484375e+02,0.000000000000000000e+00
1.436800079345703125e+02,0.000000000000000000e+00
1.437200012207031250e+02,0.000000000000000000e+00
1.437600097656250000e+02,0.000000000000000000e+00
1.438000030517578125e+02,0.000000000000000000e+00
1.438399963378906250e+02,0.000000000000000000e+00
1.438800048828125000e+02,0.000000000000000000e+00
1.439199981689453125e+02,0.000000000000000000e+00
1.439600067138671875e+02,0.000000000000000000e+00
1.440000000000000000e+02,0.000000000000000000e+00
1.440400085449218750e+02,0.000000000000000000e+00
1.440800018310546875e+02,0.000000000000000000e+00
1.441200103759765625e+02,0.000000000000000000e+00
1.441600036621093750e+02,0.000000000000000000e+00
1.441999969482421875e+02,0.000000000000000000e+00
1.442400054931640625e+02,0.000000000000000000e+00
1.442799987792968750e+02,0.000000000000000000e+00
1.443200073242187500e+02,0.000000000000000000e+00
1.443600006103515625e+02,0.000000000000000000e+00
1.444000091552734375e+02,0.000000000000000000e+00
1.444400024414062500e+02,0.000000000000000000e+00
1.444799957275390625e+02,0.000000000000000000e+00
1.445200042724609375e+02,0.000000000000000000e+00
1.445599975585937500e+02,0.000000000000000000e+00
1.446000061035156250e+02,0.000000000000000000e+00
1.446399993896484375e+02,0.000000000000000000e+00
1.446800079345703125e+02,0.000000000000000000e+00
1.447200012207031250e+02,0.000000000000000000e+00
1.447600097656250000e+02,0.000000000000000000e+00
1.448000030517578125e+02,0.000000000000000000e+00
1.448399963378906250e+02,0.000000000000000000e+00
1.448800048828125000e+02,0.000000000000000000e+00
1.449199981689453125e+02,0.000000000000000000e+00
1.449600067138671875e+02,0.000000000000000000e+00
1.450000000000000000e+02,0.000000000000000000e+00
1.450400085449218750e+02,0.000000000000000000e+00
1.450800018310546875e+02,0.000000000000000000e+00
1.451200103759765625e+02,0.000000000000000000e+00
1.451600036621093750e+02,0.000000000000000000e+00
1.451999969482421875e+02,0.000000000000000000e+00
1.452400054931640625e+02,0.000000000000000000e+00
1.452799987792968750e+02,0.000000000000000000e+00
1.453200073242187500e+02,0.000000000000000000e+00
1.453600006103515625e+02,0.000000000000000000e+00
1.454000091552734375e+02,0.000000000000000000e+00
1.454400024414062500e+02,0.000000000000000000e+00
1.454799957275390625e+02,0.000000000000000000e+00
1.455200042724609375e+02,0.000000000000000000e+00
1.455599975585937500e+02,0.000000000000000000e+00
1.456000061035156250e+02,0.000000000000000000e+00
1.456399993896484375e+02,0.000000000000000000e+00
1.456800079345703125e+02,0.000000000000000000e+00
1.457200012207031250e+02,0.000000000000000000e+00
1.457600097656250000e+02,0.000000000000000000e+00
1.458000030517578125e+02,0.000000000000000000e+00
1.458399963378906250e+02,0.000000000000000000e+00
1.458800048828125000e+02,0.000000000000000000e+00
1.459199981689453125e+02,0.000000000000000000e+00
1.459600067138671875e+02,0.000000000000000000e+00
1.460000000000000000e+02,0.000000000000000000e+00
1.460400085449218750e+02,0.000000000000000000e+00
1.460800018310546875e+02,0.000000000000000000e+00
1.461200103759765625e+02,0.000000000000000000e+00
1.461600036621093750e+02,0.000000000000000000e+00
1.461999969482421875e+02,0.000000000000000000e+00
1.462400054931640625e+02,0.000000000000000000e+00
1.462799987792968750e+02,0.000000000000000000e+00
1.463200073242187500e+02,0.000000000000000000e+00
1.463600006103515625e+02,0.000000000000000000e+00
1.464000091552734375e+02,0.000000000000000000e+00
1.464400024414062500e+02,0.000000000000000000e+00
1.464799957275390625e+02,0.000000000000000000e+00
1.465200042724609375e+02,0.000000000000000000e+00
1.465599975585937500e+02,0.000000000000000000e+00
1.466000061035156250e+02,0.000000000000000000e+00
1.466399993896484375e+02,0.000000000000000000e+00
1.466800079345703125e+02,0.000000000000000000e+00
1.467200012207031250e+02,0.000000000000000000e+00
1.467600097656250000e+02,0.000000000000000000e+00
1.468000030517578125e+02,0.000000000000000000e+00
1.468399963378906250e+02,0.000000000000000000e+00
1.468800048828125000e+02,0.000000000000000000e+00
1.469199981689453125e+02,0.000000000000000000e+00
1.469600067138671875e+02,0.000000000000000000e+00
1.470000000000000000e+02,0.000000000000000000e+00
1.470400085449218750e+02,0.000000000000000000e+00
1.470800018310546875e+02,0.000000000000000000e+00
1.471200103759765625e+02,0.000000000000000000e+00
1.471600036621093750e+02,0.000000000000000000e+00
1.471999969482421875e+02,0.000000000000000000e+00
1.472400054931640625e+02,0.000000000000000000e+00
1.472799987792968750e+02,0.000000000000000000e+00
1.473200073242187500e+02,0.000000000000000000e+00
1.473600006103515625e+02,0.000000000000000000e+00
1.474000091552734375e+02,0.000000000000000000e+00
1.474400024414062500e+02,0.000000000000000000e+00
1.474799957275390625e+02,0.000000000000000000e+00
1.475200042724609375e+02,0.000000000000000000e+00
1.475599975585937500e+02,0.000000000000000000e+00
1.476000061035156250e+02,0.000000000000000000e+00
1.476399993896484375e+02,0.000000000000000000e+00
1.476800079345703125e+02,0.000000000000000000e+00
1.477200012207031250e+02,0.000000000000000000e+00
1.477600097656250000e+02,0.000000000000000000e+00
1.478000030517578125e+02,0.000000000000000000e+00
1.478399963378906250e+02,0.000000000000000000e+00
1.478800048828125000e+02,0.000000000000000000e+00
1.479199981689453125e+02,0.000000000000000000e+00
1.479600067138671875e+02,0.000000000000000000e+00
1.480000000000000000e+02,0.000000000000000000e+00
1.480400085449218750e+02,0.000000000000000000e+00
1.480800018310546875e+02,0.000000000000000000e+00
1.481200103759765625e+02,0.000000000000000000e+00
1.481600036621093750e+02,0.000000000000000000e+00
1.481999969482421875e+02,0.000000000000000000e+00
1.482400054931640625e+02,0.000000000000000000e+00
1.482799987792968750e+02,0.000000000000000000e+00
1.483200073242187500e+02,0.000000000000000000e+00
1.483600006103515625e+02,0.000000000000000000e+00
1.484000091552734375e+02,0.000000000000000000e+00
1.484400024414062500e+02,0.000000000000000000e+00
1.484799957275390625e+02,0.000000000000000000e+00
1.485200042724609375e+02,0.000000000000000000e+00
1.485599975585937500e+02,0.000000000000000000e+00
1.486000061035156250e+02,0.000000000000000000e+00
1.486399993896484375e+02,0.000000000000000000e+00
1.486800079345703125e+02,0.000000000000000000e+00
1.487200012207031250e+02,0.000000000000000000e+00
1.487600097656250000e+02,0.000000000000000000e+00
1.488000030517578125e+02,0.000000000000000000e+00
1.488399963378906250e+02,0.000000000000000000e+00
1.488800048828125000e+02,0.000000000000000000e+00
1.489199981689453125e+02,0.000000000000000000e+00
1.489600067138671875e+02,0.000000000000000000e+00
1.490000000000000000e+02,0.000000000000000000e+00
1.490400085449218750e+02,0.000000000000000000e+00
1.490800018310546875e+02,0.000000000000000000e+00
1.491200103759765625e+02,0.000000000000000000e+00
1.491600036621093750e+02,0.000000000000000000e+00
1.491999969482421875e+02,0.000000000000000000e+00
1.492400054931640625e+02,0.000000000000000000e+00
1.492799987792968750e+02,0.000000000000000000e+00
1.493200073242187500e+02,0.000000000000000000e+00
1.493600006103515625e+02,0.000000000000000000e+00
1.494000091552734375e+02,0.000000000000000000e+00
1.494400024414062500e+02,0.000000000000000000e+00
1.494799957275390625e+02,0.000000000000000000e+00
1.495200042724609375e+02,0.000000000000000000e+00
1.495599975585937500e+02,0.000000000000000000e+00
1.496000061035156250e+02,0.000000000000000000e+00
1.496399993896484375e+02,0.000000000000000000e+00
1.496800079345703125e+02,0.000000000000000000e+00
1.497200012207031250e+02,0.000000000000000000e+00
1.497600097656250000e+02,0.000000000000000000e+00
1.498000030517578125e+02,0.000000000000000000e+00
1.498399963378906250e+02,0.000000000000000000e+00
1.498800048828125000e+02,0.000000000000000000e+00
1.499199981689453125e+02,0.000000000000000000e+00
1.499600067138671875e+02,0.000000000000000000e+00
1.500000000000000000e+02,0.000000000000000000e+00
1.500400085449218750e+02,0.000000000000000000e+00
1.500800018310546875e+02,0.000000000000000000e+00
1.501200103759765625e+02,0.000000000000000000e+00
1.501600036621093750e+02,0.000000000000000000e+00
1.501999969482421875e+02,0.000000000000000000e+00
1.502400054931640625e+02,0.000000000000000000e+00
1.502799987792968750e+02,0.000000000000000000e+00
1.503200073242187500e+02,0.000000000000000000e+00
1.503600006103515625e+02,0.000000000000000000e+00
1.504000091552734375e+02,0.000000000000000000e+00
1.504400024414062500e+02,0.000000000000000000e+00
1.504799957275390625e+02,0.000000000000000000e+00
1.505200042724609375e+02,0.000000000000000000e+00
1.505599975585937500e+02,0.000000000000000000e+00
1.506000061035156250e+02,0.000000000000000000e+00
1.506399993896484375e+02,0.000000000000000000e+00
1.506800079345703125e+02,0.000000000000000000e+00
1.507200012207031250e+02,0.000000000000000000e+00
1.507600097656250000e+02,0.000000000000000000e+00
1.508000030517578125e+02,0.000000000000000000e+00
1.508399963378906250e+02,0.000000000000000000e+00
1.508800048828125000e+02,0.000000000000000000e+00
1.509199981689453125e+02,0.000000000000000000e+00
1.509600067138671875e+02,0.000000000000000000e+00
1.510000000000000000e+02,0.000000000000000000e+00
1.510400085449218750e+02,0.000000000000000000e+00
1.510800018310546875e+02,0.000000000000000000e+00
1.511200103759765625e+02,0.000000000000000000e+00
1.511600036621093750e+02,0.000000000000000000e+00
1.511999969482421875e+02,0.000000000000000000e+00
1.512400054931640625e+02,0.000000000000000000e+00
1.512799987792968750e+02,0.000000000000000000e+00
1.513200073242187500e+02,0.000000000000000000e+00
1.513600006103515625e+02,0.000000000000000000e+00
1.514000091552734375e+02,0.000000000000000000e+00
1.514400024414062500e+02,0.000000000000000000e+00
1.514799957275390625e+02,0.000000000000000000e+00
1.515200042724609375e+02,0.000000000000000000e+00
1.515599975585937500e+02,0.000000000000000000e+00
1.516000061035156250e+02,0.000000000000000000e+00
1.516399993896484375e+02,0.000000000000000000e+00
1.516800079345703125e+02,0.000000000000000000e+00
1.517200012207031250e+02,0.000000000000000000e+00
1.517600097656250000e+02,0.000000000000000000e+00
1.518000030517578125e+02,0.000000000000000000e+00
1.518399963378906250e+02,0.000000000000000000e+00
1.518800048828125000e+02,0.000000000000000000e+00
1.519199981689453125e+02,0.000000000000000000e+00
1.519600067138671875e+02,0.000000000000000000e+00
1.520000000000000000e+02,0.000000000000000000e+00
1.520400085449218750e+02,0.000000000000000000e+00
1.520800018310546875e+02,0.000000000000000000e+00
1.521199951171875000e+02,0.000000000000000000e+00
1.521600036621093750e+02,0.000000000000000000e+00
1.521999969482421875e+02,0.000000000000000000e+00
1.522400054931640625e+02,0.000000000000000000e+00
1.522799987792968750e+02,0.000000000000000000e+00
1.523200073242187500e+02,0.000000000000000000e+00
1.523600006103515625e+02,0.000000000000000000e+00
1.524000091552734375e+02,0.000000000000000000e+00
1.524400024414062500e+02,0.000000000000000000e+00
1.524799957275390625e+02,0.000000000000000000e+00
1.525200042724609375e+02,0.000000000000000000e+00
1.525599975585937500e+02,0.000000000000000000e+00
1.526000061035156250e+02,0.000000000000000000e+00
1.526399993896484375e+02,0.000000000000000000e+00
1.526800079345703125e+02,0.000000000000000000e+00
1.527200012207031250e+02,0.000000000000000000e+00
1.527600097656250000e+02,0.000000000000000000e+00
1.528000030517578125e+02,0.000000000000000000e+00
1.528399963378906250e+02,0.000000000000000000e+00
1.528800048828125000e+02,0.000000000000000000e+00
1.529199981689453125e+02,0.000000000000000000e+00
1.529600067138671875e+02,0.000000000000000000e+00
1.530000000000000000e+02,0.000000000000000000e+00
1.530400085449218750e+02,0.000000000000000000e+00
1.530800018310546875e+02,0.000000000000000000e+00
1.531199951171875000e+02,0.000000000000000000e+00
1.531600036621093750e+02,0.000000000000000000e+00
1.531999969482421875e+02,0.000000000000000000e+00
1.532400054931640625e+02,0.000000000000000000e+00
1.532799987792968750e+02,0.000000000000000000e+00
1.533200073242187500e+02,0.000000000000000000e+00
1.533600006103515625e+02,0.000000000000000000e+00
1.534000091552734375e+02,0.000000000000000000e+00
1.534400024414062500e+02,0.000000000000000000e+00
1.534799957275390625e+02,0.000000000000000000e+00
1.535200042724609375e+02,0.000000000000000000e+00
1.535599975585937500e+02,0.000000000000000000e+00
1.536000061035156250e+02,0.000000000000000000e+00
1.536399993896484375e+02,0.000000000000000000e+00
1.536800079345703125e+02,0.000000000000000000e+00
1.537200012207031250e+02,0.000000000000000000e+00
1.537600097656250000e+02,0.000000000000000000e+00
1.538000030517578125e+02,0.000000000000000000e+00
1.538399963378906250e+02,0.000000000000000000e+00
1.538800048828125000e+02,0.000000000000000000e+00
1.539199981689453125e+02,0.000000000000000000e+00
1.539600067138671875e+02,0.000000000000000000e+00
1.540000000000000000e+02,0.000000000000000000e+00
1.540400085449218750e+02,0.000000000000000000e+00
1.540800018310546875e+02,0.000000000000000000e+00
1.541199951171875000e+02,0.000000000000000000e+00
1.541600036621093750e+02,0.000000000000000000e+00
1.541999969482421875e+02,0.000000000000000000e+00
1.542400054931640625e+02,0.000000000000000000e+00
1.542799987792968750e+02,0.000000000000000000e+00
1.543200073242187500e+02,0.000000000000000000e+00
1.543600006103515625e+02,0.000000000000000000e+00
1.544000091552734375e+02,0.000000000000000000e+00
1.544400024414062500e+02,0.000000000000000000e+00
1.544799957275390625e+02,0.000000000000000000e+00
1.545200042724609375e+02,0.000000000000000000e+00
1.545599975585937500e+02,0.000000000000000000e+00
1.546000061035156250e+02,0.000000000000000000e+00
1.546399993896484375e+02,0.000000000000000000e+00
1.546800079345703125e+02,0.000000000000000000e+00
1.547200012207031250e+02,0.000000000000000000e+00
1.547600097656250000e+02,0.000000000000000000e+00
1.548000030517578125e+02,0.000000000000000000e+00
1.548399963378906250e+02,0.000000000000000000e+00
1.548800048828125000e+02,0.000000000000000000e+00
1.549199981689453125e+02,0.000000000000000000e+00
1.549600067138671875e+02,0.000000000000000000e+00
1.550000000000000000e+02,0.000000000000000000e+00
1.550400085449218750e+02,0.000000000000000000e+00
1.550800018310546875e+02,0.000000000000000000e+00
1.551199951171875000e+02,0.000000000000000000e+00
1.551600036621093750e+02,0.000000000000000000e+00
1.551999969482421875e+02,0.000000000000000000e+00
1.552400054931640625e+02,0.000000000000000000e+00
1.552799987792968750e+02,0.000000000000000000e+00
1.553200073242187500e+02,0.000000000000000000e+00
1.553600006103515625e+02,0.000000000000000000e+00
1.554000091552734375e+02,0.000000000000000000e+00
1.554400024414062500e+02,0.000000000000000000e+00
1.554799957275390625e+02,0.000000000000000000e+00
1.555200042724609375e+02,0.000000000000000000e+00
1.555599975585937500e+02,0.000000000000000000e+00
1.556000061035156250e+02,0.000000000000000000e+00
1.556399993896484375e+02,0.000000000000000000e+00
1.556800079345703125e+02,0.000000000000000000e+00
1.557200012207031250e+02,0.000000000000000000e+00
1.557600097656250000e+02,0.000000000000000000e+00
1.558000030517578125e+02,0.000000000000000000e+00
1.558399963378906250e+02,0.000000000000000000e+00
1.558800048828125000e+02,0.000000000000000000e+00
1.559199981689453125e+02,0.000000000000000000e+00
1.559600067138671875e+02,0.000000000000000000e+00
1.560000000000000000e+02,0.000000000000000000e+00
1.560400085449218750e+02,0.000000000000000000e+00
1.560800018310546875e+02,0.000000000000000000e+00
1.561199951171875000e+02,0.000000000000000000e+00
1.561600036621093750e+02,0.000000000000000000e+00
1.561999969482421875e+02,0.000000000000000000e+00
1.562400054931640625e+02,0.000000000000000000e+00
1.562799987792968750e+02,0.000000000000000000e+00
1.563200073242187500e+02,0.000000000000000000e+00
1.563600006103515625e+02,0.000000000000000000e+00
1.564000091552734375e+02,0.000000000000000000e+00
1.564400024414062500e+02,0.000000000000000000e+00
1.564799957275390625e+02,0.000000000000000000e+00
1.565200042724609375e+02,0.000000000000000000e+00
1.565599975585937500e+02,0.000000000000000000e+00
1.566000061035156250e+02,0.000000000000000000e+00
1.566399993896484375e+02,0.000000000000000000e+00
1.566800079345703125e+02,0.000000000000000000e+00
1.567200012207031250e+02,0.000000000000000000e+00
1.567600097656250000e+02,0.000000000000000000e+00
1.568000030517578125e+02,0.000000000000000000e+00
1.568399963378906250e+02,0.000000000000000000e+00
1.568800048828125000e+02,0.000000000000000000e+00
1.569199981689453125e+02,0.000000000000000000e+00
1.569600067138671875e+02,0.000000000000000000e+00
1.570000000000000000e+02,0.000000000000000000e+00
1.570400085449218750e+02,0.000000000000000000e+00
1.570800018310546875e+02,0.000000000000000000e+00
1.571199951171875000e+02,0.000000000000000000e+00
1.571600036621093750e+02,0.000000000000000000e+00
1.571999969482421875e+02,0.000000000000000000e+00
1.572400054931640625e+02,0.000000000000000000e+00
1.572799987792968750e+02,0.000000000000000000e+00
1.573200073242187500e+02,0.000000000000000000e+00
1.573600006103515625e+02,0.000000000000000000e+00
1.574000091552734375e+02,0.000000000000000000e+00
1.574400024414062500e+02,0.000000000000000000e+00
1.574799957275390625e+02,0.000000000000000000e+00
1.575200042724609375e+02,0.000000000000000000e+00
1.575599975585937500e+02,0.000000000000000000e+00
1.576000061035156250e+02,0.000000000000000000e+00
1.576399993896484375e+02,0.000000000000000000e+00
1.576800079345703125e+02,0.000000000000000000e+00
1.577200012207031250e+02,0.000000000000000000e+00
1.577600097656250000e+02,0.000000000000000000e+00
1.578000030517578125e+02,0.000000000000000000e+00
1.578399963378906250e+02,0.000000000000000000e+00
1.578800048828125000e+02,0.000000000000000000e+00
1.579199981689453125e+02,0.000000000000000000e+00
1.579600067138671875e+02,0.000000000000000000e+00
1.580000000000000000e+02,0.000000000000000000e+00
1.580400085449218750e+02,0.000000000000000000e+00
1.580800018310546875e+02,0.000000000000000000e+00
1.581199951171875000e+02,0.000000000000000000e+00
1.581600036621093750e+02,0.000000000000000000e+00
1.581999969482421875e+02,0.000000000000000000e+00
1.582400054931640625e+02,0.000000000000000000e+00
1.582799987792968750e+02,0.000000000000000000e+00
1.583200073242187500e+02,0.000000000000000000e+00
1.583600006103515625e+02,0.000000000000000000e+00
1.584000091552734375e+02,0.000000000000000000e+00
1.584400024414062500e+02,0.000000000000000000e+00
1.584799957275390625e+02,0.000000000000000000e+00
1.585200042724609375e+02,0.000000000000000000e+00
1.585599975585937500e+02,0.000000000000000000e+00
1.586000061035156250e+02,0.000000000000000000e+00
1.586399993896484375e+02,0.000000000000000000e+00
1.586800079345703125e+02,0.000000000000000000e+00
1.587200012207031250e+02,0.000000000000000000e+00
1.587600097656250000e+02,0.000000000000000000e+00
1.588000030517578125e+02,0.000000000000000000e+00
1.588399963378906250e+02,0.000000000000000000e+00
1.588800048828125000e+02,0.000000000000000000e+00
1.589199981689453125e+02,0.000000000000000000e+00
1.589600067138671875e+02,0.000000000000000000e+00
1.590000000000000000e+02,0.000000000000000000e+00
1.590400085449218750e+02,0.000000000000000000e+00
1.590800018310546875e+02,0.000000000000000000e+00
1.591199951171875000e+02,0.000000000000000000e+00
1.591600036621093750e+02,0.000000000000000000e+00
1.591999969482421875e+02,0.000000000000000000e+00
1.592400054931640625e+02,0.000000000000000000e+00
1.592799987792968750e+02,0.000000000000000000e+00
1.593200073242187500e+02,0.000000000000000000e+00
1.593600006103515625e+02,0.000000000000000000e+00
1.594000091552734375e+02,0.000000000000000000e+00
1.594400024414062500e+02,0.000000000000000000e+00
1.594799957275390625e+02,0.000000000000000000e+00
1.595200042724609375e+02,0.000000000000000000e+00
1.595599975585937500e+02,0.000000000000000000e+00
1.596000061035156250e+02,0.000000000000000000e+00
1.596399993896484375e+02,0.000000000000000000e+00
1.596800079345703125e+02,0.000000000000000000e+00
1.597200012207031250e+02,0.000000000000000000e+00
1.597600097656250000e+02,0.000000000000000000e+00
1.598000030517578125e+02,0.000000000000000000e+00
1.598399963378906250e+02,0.000000000000000000e+00
1.598800048828125000e+02,0.000000000000000000e+00
1.599199981689453125e+02,0.000000000000000000e+00
1.599600067138671875e+02,0.000000000000000000e+00
1.600000000000000000e+02,0.000000000000000000e+00
1.600400085449218750e+02,0.000000000000000000e+00
1.600800018310546875e+02,0.000000000000000000e+00
1.601199951171875000e+02,0.000000000000000000e+00
1.601600036621093750e+02,0.000000000000000000e+00
1.601999969482421875e+02,0.000000000000000000e+00
1.602400054931640625e+02,0.000000000000000000e+00
1.602799987792968750e+02,0.000000000000000000e+00
1.603200073242187500e+02,0.000000000000000000e+00
1.603600006103515625e+02,0.000000000000000000e+00
1.604000091552734375e+02,0.000000000000000000e+00
1.604400024414062500e+02,0.000000000000000000e+00
1.604799957275390625e+02,0.000000000000000000e+00
1.605200042724609375e+02,0.000000000000000000e+00
1.605599975585937500e+02,0.000000000000000000e+00
1.606000061035156250e+02,0.000000000000000000e+00
1.606399993896484375e+02,0.000000000000000000e+00
1.606800079345703125e+02,0.000000000000000000e+00
1.607200012207031250e+02,0.000000000000000000e+00
1.607600097656250000e+02,0.000000000000000000e+00
1.608000030517578125e+02,0.000000000000000000e+00
1.608399963378906250e+02,0.000000000000000000e+00
1.608800048828125000e+02,0.000000000000000000e+00
1.609199981689453125e+02,0.000000000000000000e+00
1.609600067138671875e+02,0.000000000000000000e+00
1.610000000000000000e+02,0.000000000000000000e+00
1.610400085449218750e+02,0.000000000000000000e+00
1.610800018310546875e+02,0.000000000000000000e+00
1.611199951171875000e+02,0.000000000000000000e+00
1.611600036621093750e+02,0.000000000000000000e+00
1.611999969482421875e+02,0.000000000000000000e+00
1.612400054931640625e+02,0.000000000000000000e+00
1.612799987792968750e+02,0.000000000000000000e+00
1.613200073242187500e+02,0.000000000000000000e+00
1.613600006103515625e+02,0.000000000000000000e+00
1.614000091552734375e+02,0.000000000000000000e+00
1.614400024414062500e+02,0.000000000000000000e+00
1.614799957275390625e+02,0.000000000000000000e+00
1.615200042724609375e+02,0.000000000000000000e+00
1.615599975585937500e+02,0.000000000000000000e+00
1.616000061035156250e+02,0.000000000000000000e+00
1.616399993896484375e+02,0.000000000000000000e+00
1.616800079345703125e+02,0.000000000000000000e+00
1.617200012207031250e+02,0.000000000000000000e+00
1.617600097656250000e+02,0.000000000000000000e+00
1.618000030517578125e+02,0.000000000000000000e+00
1.618399963378906250e+02,0.000000000000000000e+00
1.618800048828125000e+02,0.000000000000000000e+00
1.619199981689453125e+02,0.000000000000000000e+00
1.619600067138671875e+02,0.000000000000000000e+00
1.620000000000000000e+02,0.000000000000000000e+00
1.620400085449218750e+02,0.000000000000000000e+00
1.620800018310546875e+02,0.000000000000000000e+00
1.621199951171875000e+02,0.000000000000000000e+00
1.621600036621093750e+02,0.000000000000000000e+00
1.621999969482421875e+02,0.000000000000000000e+00
1.622400054931640625e+02,0.000000000000000000e+00
1.622799987792968750e+02,0.000000000000000000e+00
1.623200073242187500e+02,0.000000000000000000e+00
1.623600006103515625e+02,0.000000000000000000e+00
1.624000091552734375e+02,0.000000000000000000e+00
1.624400024414062500e+02,0.000000000000000000e+00
1.624799957275390625e+02,0.000000000000000000e+00
1.625200042724609375e+02,0.000000000000000000e+00
1.625599975585937500e+02,0.000000000000000000e+00
1.626000061035156250e+02,0.000000000000000000e+00
1.626399993896484375e+02,0.000000000000000000e+00
1.626800079345703125e+02,0.000000000000000000e+00
1.627200012207031250e+02,0.000000000000000000e+00
1.627600097656250000e+02,0.000000000000000000e+00
1.628000030517578125e+02,0.000000000000000000e+00
1.628399963378906250e+02,0.000000000000000000e+00
1.628800048828125000e+02,0.000000000000000000e+00
1.629199981689453125e+02,0.000000000000000000e+00
1.629600067138671875e+02,0.000000000000000000e+00
1.630000000000000000e+02,0.000000000000000000e+00
1.630400085449218750e+02,0.000000000000000000e+00
1.630800018310546875e+02,0.000000000000000000e+00
1.631199951171875000e+02,0.000000000000000000e+00
1.631600036621093750e+02,0.000000000000000000e+00
1.631999969482421875e+02,0.000000000000000000e+00
1.632400054931640625e+02,0.000000000000000000e+00
1.632799987792968750e+02,0.000000000000000000e+00
1.633200073242187500e+02,0.000000000000000000e+00
1.633600006103515625e+02,0.000000000000000000e+00
1.634000091552734375e+02,0.000000000000000000e+00
1.634400024414062500e+02,0.000000000000000000e+00
1.634799957275390625e+02,0.000000000000000000e+00
1.635200042724609375e+02,0.000000000000000000e+00
1.635599975585937500e+02,0.000000000000000000e+00
1.636000061035156250e+02,0.000000000000000000e+00
1.636399993896484375e+02,0.000000000000000000e+00
1.636800079345703125e+02,0.000000000000000000e+00
1.637200012207031250e+02,0.000000000000000000e+00
1.637600097656250000e+02,0.000000000000000000e+00
1.638000030517578125e+02,0.000000000000000000e+00
1.638399963378906250e+02,0.000000000000000000e+00
1.638800048828125000e+02,0.000000000000000000e+00
1.639199981689453125e+02,0.000000000000000000e+00
1.639600067138671875e+02,0.000000000000000000e+00
1.640000000000000000e+02,0.000000000000000000e+00
1.640400085449218750e+02,0.000000000000000000e+00
1.640800018310546875e+02,0.000000000000000000e+00
1.641199951171875000e+02,0.000000000000000000e+00
1.641600036621093750e+02,0.000000000000000000e+00
1.641999969482421875e+02,0.000000000000000000e+00
1.642400054931640625e+02,0.000000000000000000e+00
1.642799987792968750e+02,0.000000000000000000e+00
1.643200073242187500e+02,0.000000000000000000e+00
1.643600006103515625e+02,0.000000000000000000e+00
1.644000091552734375e+02,0.000000000000000000e+00
1.644400024414062500e+02,0.000000000000000000e+00
1.644799957275390625e+02,0.000000000000000000e+00
1.645200042724609375e+02,0.000000000000000000e+00
1.645599975585937500e+02,0.000000000000000000e+00
1.646000061035156250e+02,0.000000000000000000e+00
1.646399993896484375e+02,0.000000000000000000e+00
1.646800079345703125e+02,0.000000000000000000e+00
1.647200012207031250e+02,0.000000000000000000e+00
1.647600097656250000e+02,0.000000000000000000e+00
1.648000030517578125e+02,0.000000000000000000e+00
1.648399963378906250e+02,0.000000000000000000e+00
1.648800048828125000e+02,0.000000000000000000e+00
1.649199981689453125e+02,0.000000000000000000e+00
1.649600067138671875e+02,0.000000000000000000e+00
1.650000000000000000e+02,0.000000000000000000e+00
1.650400085449218750e+02,0.000000000000000000e+00
1.650800018310546875e+02,0.000000000000000000e+00
1.651199951171875000e+02,0.000000000000000000e+00
1.651600036621093750e+02,0.000000000000000000e+00
1.651999969482421875e+02,0.000000000000000000e+00
1.652400054931640625e+02,0.000000000000000000e+00
1.652799987792968750e+02,0.000000000000000000e+00
1.653200073242187500e+02,0.000000000000000000e+00
1.653600006103515625e+02,0.000000000000000000e+00
1.654000091552734375e+02,0.000000000000000000e+00
